Genename,TSS1,TSS2,TSS3,RNA1,RNA2,RNA3,Distal1,Distal2,Distal3
ADAMTS9,0.5087181339737402,0.8884026733267899,-1.3971208073005315,-1.2935352936622566,1.1418179806736322,0.15171731298862512,-0.8480028591266451,-0.5561354808654079,1.4041383399920524
LINC01060,0.05362203449164219,1.1970531533477677,-1.2506751878394093,-1.0236967917681759,1.3568535194736777,-0.3331567277055016,0.16683544373550416,1.132774882547841,-1.2996103262833452
LINC00839,-1.3994385398410185,0.5231439887916716,0.8762945510493474,-1.0097562794868262,1.3623711088269457,-0.3526148293401194,-1.3824647851714482,0.43317554163879435,0.9492892435326544
DNAJC12,-1.0876067064896757,-0.2390336278687329,1.3266403343584092,-1.0860052261295983,-0.24150008713093632,1.3275053132605348,0.8029014475613332,0.6067714487229623,-1.4096728962842953
SLC44A1,1.2712436700833802,-1.172235894170505,-0.0990077759128751,-1.4127989899668663,0.7611649992854298,0.6516339906814365,1.4140933930458834,-0.6910808953220992,-0.723012497723785
RGS2,0.09072840911567093,-1.2675860611920997,1.1768576520764258,-0.8019322976658965,-0.6078343480296481,1.4097666456955449,-1.4141155990325969,0.6926423761957867,0.7214732228368108
SH3RF3,0.1602089221257047,1.1367561825416197,-1.2969651046673245,-1.371349738534372,0.38642594117172485,0.9849237973626467,-1.2004980375423542,1.247630935720297,-0.047132898177943604
PLS3,1.0934337847263575,0.23000823199822956,-1.323442016724587,-1.047361851499044,1.346648035674561,-0.2992861841755173,-0.4765697256238557,1.3913941258326106,-0.9148244002087552
TACC2,0.886277651016656,-1.3975412270043106,0.5112635759876547,0.786339766843545,0.6247949137644184,-1.411134680607968,-1.4124025246740515,0.7681635994521906,0.6442389252218617
RIC3,-1.1822564651685326,-0.0809597363047805,1.2632162014733137,-1.3943971942773863,0.49288915427440855,0.9015080400029782,-1.2584381334088584,0.07042563592090575,1.1880124974879533
CCDC169,-1.2957983104565054,0.1573076204831552,1.1384906899733496,-1.3195317868256342,1.1003642339312096,0.21916755289442574,-1.3736568956553512,0.3956239668115387,0.9780329288438125
CDH7,0.3475974187729712,-1.3609726755122493,1.0133752567392782,-1.1563890032454751,1.283228795029592,-0.1268397917841169,1.3128360867797473,-1.1117707165308464,-0.201065370248901
VASH2,1.349271294592038,-1.0415146875701187,-0.3077566070219186,-1.1871816034590825,-0.07195399789422717,1.2591356013533093,-1.269351638559685,0.09471303050233652,1.1746386080573488
ARHGAP42,-0.9186616068850828,-0.4718220513705056,1.3904836582555888,-1.409939908555139,0.8001124300580748,0.6098274784970653,0.34249703479125376,1.0170367328155345,-1.359533767606786
PHACTR1,1.1001104121916228,0.21956665608111725,-1.3196770682727401,-0.8317514770688783,-0.5746504399663124,1.406401917035192,-1.2886608719933277,0.13983577027159566,1.1488251017217312
CXADR,-0.9882052170036348,-0.38201829457897063,1.370223511582608,-1.407546386803402,0.8225581956011186,0.584988191202284,0.9407302126317642,0.44411288701219565,-1.3848430996439591
ATP1A3,1.1744892874460706,0.09498052823693917,-1.2694698156830089,0.19674038765473364,1.1144652916772007,-1.3112056793319333,-0.5931099330204378,-0.8152748116097813,1.4083847446302191
UGP2,-0.6896662844713891,-0.7244050501459524,1.4140713346173415,-1.1553737693063073,1.283968407772088,-0.12859463846578092,-0.7077767743418079,1.414213350697053,-0.7064365763552451
STK38L,1.3901009917272678,-0.469851862210687,-0.9202491295165766,-1.2241171828662907,-0.0012544134498677817,1.2253715963161518,1.1662281276963706,0.10965860133669564,-1.2758867290330664
DYNC1I1,0.6887512483589391,-1.4140560850709467,0.7253048367120067,-1.1747469661996044,1.2692658309477738,-0.09451886474816949,-0.7894733379876455,1.41088079580605,-0.6214074578184043
GABRA5,-0.88130800341111,-0.5171936648587301,1.3985016682698375,-0.8853729146300546,1.3977184471088833,-0.5123455324788284,-0.4298464710211675,-0.9518775223366968,1.3817239933578631
LAMA2,-0.15609944758523292,-1.1392114321832443,1.2953108797684771,-1.199020367629029,1.2489427195779,-0.04992235194887106,-1.4110536879021356,0.7873535962594433,0.6237000916426935
MAP1B,1.099420774795253,-1.3200709977363523,0.22065022294109943,-1.4060240471216243,0.5713978746755516,0.8346261724460783,0.9112832848349068,0.480933010819209,-1.3922162956541173
CPEB3,1.2139384727845395,0.02133406474513097,-1.23527253752967,-0.9483714960707655,-0.4343535351441459,1.3827250312149129,0.5580482514920613,0.8463365327786,-1.404384784270661
PIP4K2A,0.24036788669217324,-1.327108737724491,1.0867408510323178,-0.6978060463140899,1.4141729613866119,-0.7163669150725197,-1.2872445714698204,1.150821516724182,0.1364230547456382
UBE2H,0.3405234157600601,-1.358972291869811,1.0184488761097508,-0.5117760162797532,-0.8858492566766049,1.3976252729563574,-1.4011877416576315,0.8664392339575134,0.5347485077001184
UNC5D,-1.180253265553707,-0.08459677119129037,1.2648500367449966,-0.449640983294758,1.3860126547307736,-0.9363716714360152,-0.8240221646149176,1.4073706174340928,-0.5833484528191754
ADCY2,1.411947608394479,-0.7752772194221146,-0.6366703889723672,-1.4133730008820955,0.7489069964489665,0.6644660044331291,-1.4080472603036445,0.589777472389077,0.8182697879145681
AGMO,-0.465723251913039,1.3892899157655585,-0.923566663852519,-0.7742199792497568,1.4120185552042086,-0.6377985759544517,-0.795064770554961,1.4104015811595503,-0.6153368106045893
PDZD2,1.3714275244165497,-0.9846952147342146,-0.38673230968233363,-0.6785878244254601,-0.7352473496316629,1.4138351740571233,-0.8229580470640767,-0.5845405744575605,1.4074986215216365
NKX6-1,-1.030902092157032,-0.32295855387230066,1.3538606460293343,-1.1861065305991454,1.2600341297571254,-0.07392759915797972,-0.5963855818807484,1.4087076167277524,-0.8123220348470038
LINC02315,-1.163476474263181,-0.11449582579343463,1.2779723000566159,-1.3899759167157004,0.9207648686316008,0.46921104808409964,-0.5101946040524903,1.3973652651140627,-0.8871706610615728
TAGLN2,-0.8893857657646024,-0.5075385594369937,1.396924325201596,-0.9131378254870444,-0.47865003688730845,1.3917878623743527,-0.008229595870227245,1.2288389323073643,-1.2206093364371375
CTSL,-1.4133147163902853,0.6629980599188371,0.750316656471456,-1.320221146184033,1.099157374556722,0.2210637716273109,-0.46687533611876264,1.3895174946254338,-0.9226421585066712
CMIP,-0.23901151251094194,-1.0876210484611764,1.3266325609721192,-0.4150322972774539,-0.9633002947726428,1.3783325920500968,-0.848289650158544,-0.5558059400489692,1.4040955902075103
SAR1A,-0.08624877710788077,-1.1793406871580625,1.265589464265938,-0.8284725822875393,-0.5783486600308702,1.4068212423184094,-0.7629292018539057,-0.6497745928195426,1.412703794673448
LAMB1,0.2716432957303878,1.0661173854944646,-1.337760681224852,-0.8916347557796785,1.3964700992946038,-0.504835343514925,-1.1485567030470933,1.2888503387398054,-0.14029363569271303
IFI6,0.2981628094580463,-1.3462965918579135,1.048133782399867,-0.7102467642808182,-0.7039621433821857,1.4142089076630038,-0.8600709969448179,-0.542182794999155,1.402253791943973
CNKSR3,0.8562660189979711,0.5466009944898076,-1.4028670134877785,-1.2750622224799728,1.1673067681017604,0.10775545437821284,-1.2038305296181404,1.244639188410394,-0.0408086587922536
ZIC2,1.4094988588034163,-0.8046730265842721,-0.6048258322191395,-0.9238432070814391,1.3892216070709207,-0.46537839998948155,1.409099557592089,-0.6004881259390281,-0.8086114316530609
RNF125,-1.2199847334196792,-0.009465410436585046,1.2294501438562613,-1.4141344852871514,0.7200188117080781,0.6941156735790729,-1.3849835930360999,0.4447715202675755,0.9402120727685244
IGSF3,-0.8157089266273353,-0.5926275256623196,1.4083364522896642,-0.8499148739622483,-0.5539365972551156,1.4038514712173644,-1.0972631566919946,-0.22403275609991113,1.3212959127919062
PPP1R15A,1.192885009869301,0.06140931342708252,-1.2542943232963835,-0.9848114856016474,-0.38657648305491377,1.3713879686565615,-1.3277762112270166,0.2422748353352577,1.085501375891759
SLCO1A2,-1.1746790829754736,1.2693195917934077,-0.09464050881793458,-1.4093629261393554,0.8060328657138239,0.6033300604255314,-1.0552320420332495,-0.28777591118515655,1.3430079532184056
MAPKAPK2,1.1271678692623626,-1.3032591646320975,0.17609129536973764,-0.8162042351172847,-0.5920768588913008,1.4082810940085855,-1.2930909306325937,0.1506252259261303,1.142465704706463
LSR,-1.403691490962636,0.5527228141484075,0.8509686768142277,-1.3257564934205202,1.0892317269528808,0.23652476646763845,0.16218225928535876,1.1355734445435766,-1.297755703828935
C2orf80,0.20387823021459003,1.1100118948074729,-1.3138901250220623,-0.7735958778410303,1.4120598875660915,-0.6384640097250612,1.3847698965664774,-0.9409996103055144,-0.4437702862609631
NBEA,-0.15320883606378138,1.294140983977237,-1.1409321479134549,-0.917930990483634,1.3906585898455603,-0.472727599361929,-0.3966730928039196,1.3739163365838207,-0.9772432437799028
BBOX1-AS1,-1.0546950543717062,-0.28856530928192603,1.3432603636536327,-1.0943888319718116,-0.22852126217299878,1.322910094144811,-1.392455199958098,0.4822150137084312,0.9102401862496678
SLC35F3,1.0418983006695017,-1.3491012790505466,0.30720297838104316,-1.057910509239542,-0.2838294744631513,1.3417399837026933,1.407046894538869,-0.8266667679425176,-0.5803801265963514
CD200,0.6716698537735283,-1.413631153289921,0.7419612995163928,-0.37293115679041255,1.3678595703476046,-0.9949284135571921,-1.406881217739174,0.8279955340213218,0.5788856837178523
HEG1,-0.965744774933414,-0.4118358176295728,1.377580592562987,-1.188402109131825,-0.06970806591540125,1.2581101750472266,-1.1964730311248282,1.2511830787230027,-0.05471004759817275
FGF2,-0.9352145635871899,-0.451103929654711,1.3863184932419024,-0.7136195525789748,-0.7005739528423439,1.4141935054213186,-1.1949954533023128,-0.05747509716682481,1.2524705504691376
TSPAN7,-0.07435044015639301,-1.1858758863913619,1.2602263265477562,-0.9991205963733584,-0.36722602232542406,1.3663466186987807,-0.9091553729948691,1.3927020816689493,-0.48354670867408023
SLC6A15,-0.9027711254637615,-0.49135152748557226,1.3941226529493338,-1.4131459677703422,0.6589929951208023,0.7541529726495394,0.9425780199686762,0.4417608283070597,-1.384338848275736
RIPOR2,0.4104725951115852,0.9667851128701306,-1.3772577079817159,-1.3342947039071744,0.2612616139139904,1.073033089993185,0.07142900907888879,1.1874671755459414,-1.2588961846248294
PCSK6,-0.9872727030303166,1.37054538749803,-0.3832726844677134,-1.0939446205036552,1.3231577748499066,-0.22921315434625028,-1.3100904002046492,0.19379975842434213,1.1162906417803071
MAP1A,-1.3395385720645594,1.062487136993289,0.27705143507126284,-0.43922828240158657,-0.9445632022284258,1.3837914846300121,-1.4128893045593167,0.75943389455031,0.6534554100090072
NALCN,-0.6320447425180529,1.411645291150476,-0.7796005486324238,-0.7471229000031036,1.4134439093296312,-0.6663210093265276,-1.1464144056032435,1.2903546827309744,-0.1439402771277304
NCOA7,-0.4572124159586572,-0.9303664426988201,1.3875788586574784,-1.4095616383266165,0.6055236238649907,0.8040380144616257,-1.0181217218895107,1.3591026949520901,-0.3409809730625799
PPFIA2,-0.985308634770645,1.3712185840640934,-0.3859099492934468,-0.65359748708035,1.4128962270386356,-0.7592987399582858,-0.9657182659763971,1.3775887977862622,-0.4118705318098652
KDM7A,0.741251356093877,-1.4136548340712272,0.6724034779773522,-1.282908033669444,0.12608014006194623,1.1568278936074978,1.4132043661625702,-0.7528630152645371,-0.660341350898032
PRKG1,1.2335744882073392,-1.2157200337662502,-0.017854454441089067,-0.7853612812558479,1.4112118102187863,-0.6258505289629388,0.5673131090119563,0.8382244005232939,-1.4055375095352498
ERC2,0.10975900983991557,1.1661711573456262,-1.2759301671855416,-0.6451354215352487,-0.767317703351861,1.4124531248871102,0.33771594395919247,1.0204531546381674,-1.3581690985973593
ARMT1,0.9069486703975712,-1.3931993385630983,0.48625066816552837,-1.2890200390494833,1.1483160379451762,0.14070400110430692,-1.4138332683624975,0.6785156314953575,0.7353176368671404
DSG2,-1.413431211889358,0.6659828556970472,0.7474483561923104,-1.4066325564932063,0.576672532802779,0.8299600236904274,-0.9390062925171831,1.385309013765374,-0.44630272124819115
CD70,-1.1686457609496164,1.274033192171588,-0.10538743122197125,-1.4133898194322114,0.7484910069506008,0.6648988124816108,-0.8364386623518179,1.405780859938713,-0.5693421975868952
PODXL,0.08043677206507166,-1.2629806050574832,1.1825438329924116,-1.328373971789983,0.24398829086705595,1.0843856809229264,-1.4004051902830392,0.5294718794772153,0.8709333108058217
TRABD2A,-1.3342274906446256,0.2610623293586354,1.0731651612859914,-0.9764124907069229,1.3741881785742396,-0.3977756878673171,-1.4107721141908718,0.7907765212355459,0.6199955929553261
ADAMTS20,0.9654606647250757,0.4122078099978495,-1.3776684747229253,-0.9699071434057495,1.376278484334556,-0.40637134092880617,-1.013490794278112,-0.34743684772157196,1.3609276419996839
BCAS3,1.093105704870694,-1.323624238142192,0.23051853327150185,-0.8341955872596807,1.406081257418471,-0.5718856701587902,-0.4551272185662467,1.387151644401682,-0.9320244258354294
FOXC1,-0.5007704111795439,-0.8950063198133542,1.3957767309929,-1.4105032753645041,0.7939104366787675,0.6165928386857362,1.374091255352556,-0.397382173866997,-0.9767090814855653
FREM1,-1.189812267799347,1.2569182754391106,-0.06710600763976418,-1.2428227006783565,1.2058288389626082,0.036993861715748276,0.945138716974002,0.43849299078309867,-1.3836317077571005
STK17B,-0.42763260715272533,-0.9535944060604911,1.3812270132132163,-1.4139745535951163,0.6844712527453714,0.7295033008497452,-1.29588207491586,1.1383666036082118,0.1575154713076476
GABRB3,0.6713919601959062,0.7422300966059305,-1.4136220568018347,-0.765636773953496,1.412551482384273,-0.6469147084307759,-0.6532270678151801,1.41287814182096,-0.7596510740057794
TFAP2D,-1.0270190098483396,1.3554857308697732,-0.32846672102143437,-1.2969739873388466,1.1367429277089187,0.16023105962992795,-1.0397971912412713,1.3500289172057902,-0.31023172596451876
DPPA4,-1.3071045627144842,1.1211078893850281,0.18599667332945552,-1.004140531368749,1.3644949551192638,-0.3603544237505142,-0.8495957081981863,1.4038996616035104,-0.5543039534053237
ST7,-1.2643309524959163,0.08343928594848046,1.1808916665474343,0.594380271784898,0.8141307310873257,-1.408511002872227,-1.055455111980141,-0.28744781161265726,1.3429029235927972
EGFR,1.029615656607509,-1.354402194501811,0.3247865378943032,-1.1410632829602423,-0.15298818423994595,1.2940514672001875,-0.5862960932781097,-0.821388928187316,1.4076850214654264
COL15A1,-1.2177067481260777,-0.013956955552776165,1.2316637036788538,-1.1085977019476347,-0.20613415161570567,1.3147318535633403,-1.2743993681485941,0.10622916902958367,1.1681701991190103
SYT11,-0.5257603633741375,-0.8740815723875895,1.3998419357617253,0.09483437124545936,-1.2694052508356675,1.1745708795902081,1.3925508356463123,-0.9098207938104809,-0.48273004183583224
SOX11,0.9123265375036305,-1.3919758657630856,0.4796493282594537,-1.3652879376796874,1.0020052617664608,0.3632826759132241,-0.8319413605340618,-0.5744358925476638,1.4063772530817267
FXYD5,-1.3837885956456812,0.944573624085823,0.4392149715598582,-1.4126861068529788,0.6494354737166536,0.7632506331363246,-0.8482865351514761,-0.5558095199148263,1.4040960550663026
KDM6B,-0.28293789306694245,-1.0585142248069153,1.3414521178738563,-0.7510679777432212,-0.6622148582038897,1.4132828359471117,-0.23816821159346957,-1.0881677019218443,1.326335913515313
CDKL5,-0.5666781620821484,1.4054606856207181,-0.8387825235385742,-1.3753549172733956,0.9728074967752948,0.40254742049810205,-0.8756476650181867,1.3995570985767427,-0.523909433558556
KCND2,1.1216370415248547,-1.3067727823023212,0.1851357407774666,-0.27207456550334636,1.3379031542633923,-1.0658285887600456,-0.85472546353563,1.4031102844103271,-0.5483848208746966
SYNDIG1,1.4142076602986122,-0.7035654456953672,-0.7106422146032451,-0.6965504275459766,-0.7176108619471787,1.4141612894931554,-1.2971320475615142,0.16062510687415762,1.1365069406873585
PALM2-AKAP2,0.5567295193894977,-1.404215185675149,0.8474856662856579,-1.1501546510452718,-0.13756438600511214,1.287719037050383,-1.2229206645977784,-0.0036402985533293478,1.2265609631511067
BCL6,1.4135519682636557,-0.6693176771297672,-0.7442342911338861,-1.3553495126377098,0.3280023754470707,1.027347137190639,0.2264263469279821,1.0957319584847822,-1.3221583054127644
GALNT18,1.269232101436686,-1.1747895455438122,-0.09444255589287101,-1.3530307099684484,1.0328591825043694,0.3201715274640798,1.0988186794541865,0.22159528559101763,-1.3204139650452027
PLXNA1,-0.7212040114439241,-0.6929152368554407,1.414119248299365,-0.5581272824815754,-0.8462676221711459,1.4043949046527213,-0.589600735045798,-0.8184283735384752,1.4080291085842724
KCNH2,0.5292937478312626,-1.4003783986960483,0.8710846508647871,0.5784632964927667,-1.4068340645635826,0.8283707680708147,0.7044865654643984,0.7097237644543548,-1.4142103299187556
SLCO5A1,-1.0637884025234925,-0.2751161307615795,1.3389045332850635,0.11922010544902042,1.1607751015782373,-1.2799952070272598,0.2116719995603747,1.105112481143582,-1.3167844807039566
NCEH1,0.3900677061843759,-1.3722701880921073,0.9822024819077332,-1.030126046409332,1.354187713808994,-0.32406166739966186,-1.184936188025062,1.2610073020859816,-0.07607111406091997
MT1X,1.3291526141743908,-0.2462283703466903,-1.0829242438277005,-1.0563950764114287,1.34245921721331,-0.2860641408018809,-0.6620570793717744,-0.7512192682307134,1.413276347602488
SH3KBP1,-1.2093620222064823,-0.030206872253724898,1.239568894460205,-1.38900046900847,0.4642649791225098,0.9247354898859595,-0.5073490892267577,1.3968926673902988,-0.889543578163541
LINGO1,-1.236260546242875,0.02336570091454142,1.2128948453283324,-1.2235448631720165,1.225941362625367,-0.002396499453348498,-0.9911262850394443,1.3692058127962679,-0.37807952775682124
LGI1,-0.9900802789895349,1.3695718889853181,-0.3794916099957836,-1.0312062633864953,1.3537321383290677,-0.32252587494257223,0.06853636132492295,1.1890376173219408,-1.2575739786468636
VXN,1.3467522919253891,-1.047132347443397,-0.2996199444819918,-1.4086994714319312,0.5963018324945321,0.8123976389373991,-0.7680756196675802,-0.6443322022990968,1.4124078219666791
VAT1L,0.6937256969549798,-1.4141296815788675,0.7204039846238903,-0.9448893258906703,1.3837010052351466,-0.4388116793444761,-0.8658802768451607,1.4012833160346858,-0.5354030391895274
NRP2,-1.2413418355670673,1.2074441580162818,0.033897677550782435,-1.3102850912405697,1.1159730293716517,0.1943120618689174,-1.2462943241493414,1.2019932929202113,0.044301031229129706
KIF5C,-1.3905852202689253,0.9182378026756304,0.4723474175932949,-1.4141959027679043,0.7009773757693367,0.7132185269985671,0.3970083673925374,0.9769907193829542,-1.3739990867754932
LDB2,1.229027811132511,-1.2204165211713722,-0.008611289961135478,-1.4137994001433518,0.7365382242542983,0.6772611758890533,-0.10263811447699568,1.2728341259513059,-1.1701960114743095
LINC02428,-0.5108300608793122,1.3974699707453002,-0.8866399098659884,-1.412791252206383,0.6514806166172582,0.7613106355891248,-0.7039975809705956,1.414209011906021,-0.7102114309354256
AHNAK,-1.413093825687998,0.6578193041211826,0.7552745215668153,-1.412736483199911,0.650406453056693,0.762330030143218,-1.0784408158351435,1.3315107934806063,-0.2530699776454644
WNK2,-1.0231144126923242,1.3570911642129826,-0.3339767515206584,-1.0520096485596941,1.344513696866444,-0.2925040483067501,0.9724932790650626,0.4029623441321425,-1.375455623197205
MTCL1,-0.8862519649476727,-0.5112943080532412,1.3975462730009143,-1.1267284579295922,-0.17681293669806414,1.3035413946276542,-1.4094791769107937,0.8048711888178907,0.6046079880929017
GPRIN3,1.2151739382330429,0.018922587777383156,-1.234096526010427,-0.7618959809534542,-0.6508639524931294,1.4127599334465837,-0.7772562833273949,-0.6345553719452073,1.4118116552726019
LINC01748,0.32147510396107015,1.0319444333575156,-1.3534195373185858,-1.0057499484732206,1.3638919780522063,-0.3581420295789855,-0.758474869343381,1.412938022090942,-0.6544631527475614
HOXB1,-1.3969526089984798,0.5077079733767598,0.8892446356217191,-1.3720606389547747,0.38923543698568813,0.9828252019690867,-1.3314240578409788,1.0786072742935697,0.252816783547409
CLYBL,0.18518565548448038,-1.3067920308189376,1.1216063753344578,-1.2437888134559325,1.204768355915449,0.039020457540483805,-0.1415164944801957,1.2893557244008411,-1.1478392299206446
VGLL3,0.23537939904550279,-1.3253516571411625,1.08997225809566,-1.010564508695901,1.3620608315329543,-0.3514963228370532,0.22097555629616922,1.099213570383734,-1.3201891266799022
FERMT1,-1.264794628572485,1.180321497591417,0.08447313098106843,-1.327424788386729,1.0861547848010493,0.24127000358568,-1.406362968750884,0.8320511863796367,0.5743117823712475
CASZ1,-1.303745948730561,0.17733648906990607,1.1264094596606549,-1.378163186111536,0.41430955238354894,0.9638536337279866,-1.2224190031526319,-0.004638560488097936,1.22705756364073
FRMD4A,-0.05461770406244269,1.251140000434551,-1.1965222963721067,-1.2184111246548808,-0.012570722591759138,1.2309818472466398,0.5269021892476076,0.8731141530520892,-1.4000163422996932
LIN28A,-1.2835695743251303,0.12764778120004994,1.1559217931250834,-1.3436626248128634,1.0538366304463178,0.2898259943665455,-0.7034630519681971,1.4142073143607998,-0.7107442623926017
RMST,1.3244038153347475,-0.23270697120703002,-1.091696844127716,-1.1455643771149027,1.2909476941437397,-0.14538331702883844,-1.0642040773698378,1.3387012336275241,-0.2744971562576866
PMEL,0.07487470974505722,1.1855897639520883,-1.2604644736971466,-1.0373509970908197,1.3510979763930542,-0.3137469793022342,1.3289214742046143,-0.24556243614087309,-1.0833590380637408
DST,-0.3370148702020768,-1.020952834494802,1.357967704696878,-1.1634010108882535,-0.11462812810338315,1.2780291389916367,-1.3016202668404506,0.17191712792458527,1.1297031389158638
PTPRG,1.044777840765241,0.3030379071341733,-1.3478157478994155,-0.7008810499902858,1.4141953441726565,-0.7133142941823725,-0.6380035642406418,1.4120313283871084,-0.7740277641464645
ENOX2,0.9170414672910807,-1.3908705663003582,0.4738290990092765,-0.8250347187524849,-0.582212897849181,1.4072476166016652,-1.3577582394104002,0.3362869095122697,1.0214713298981315
ESRRG,1.083620621562656,-1.3287822044300928,0.2451615828674344,-0.8230147116529628,-0.5844771261319941,1.407491837784957,-1.2777398398766147,1.1637848427534834,0.11395499712313317
ZNF385D,-1.0829918607253872,-0.24612483637845894,1.3291166971038473,-1.2177515020112502,-0.013868947496102787,1.2316204495073528,-1.083697514692331,1.3287412356983532,-0.24504372100602217
SORBS1,0.7479849344256189,-1.4134100461502759,0.6654251117246607,-0.4069176379890424,-0.969491958711033,1.3764095967000751,-1.0277936780060513,1.3551638100580496,-0.32737013205199944
KIF5A,-0.7877795001717139,-0.6232398357250668,1.4110193358967824,-0.7977081419691959,-0.6124551251453689,1.410163267114565,-0.6939107979166946,-0.7202211812761337,1.4141319791928284
IGSF11,1.3220382341958066,-0.2260924790388793,-1.0959457551569274,-1.3843714010852286,0.9424592866299021,0.44191211445532624,0.0636236644124739,1.1916929785710018,-1.2553166429834757
CHRM3,-1.4068595598338447,0.5786915172302409,0.8281680426036028,-0.8335787135201087,1.4061628435053886,-0.5725841299852804,-0.9925613091503951,1.3687005853901923,-0.3761392762397966
POLR3G,-0.8971859455223303,-0.49813456690793356,1.3953205124302615,-1.1393336330558128,1.2952280850923756,-0.15589445203656294,-1.3791182775985904,0.9607133058244824,0.4184049717741084
AFF2,1.0821360312694144,0.24743449379145913,-1.329570525060873,-1.0089082633345359,1.3626954072602493,-0.35378714392571314,-1.3073413004626084,1.1207295791455814,0.1866117213170261
PPARGC1B,-1.3103168785134949,1.115921131335857,0.1943957471776366,-1.2614202612740255,1.1844376749541858,0.07698258631983962,-1.3358876886847948,0.26600720454042853,1.0698804841443665
CALN1,-1.2524929781824752,1.194969624459138,0.057523353723337334,-0.7726049443740028,1.4121246789785258,-0.6395197346045227,-1.0407281549633631,1.3496189723119234,-0.3088908173485604
GRM3,-0.20770102018740028,1.3153145890741025,-1.1076135688867024,-1.4014763859560588,0.8647441523382247,0.5367322336178346,-0.9659851670886856,1.3775061344330273,-0.41152096734434196
ADAMTS19,-1.0276934960842752,-0.32751200931382385,1.3552055053980936,-0.8576206010143764,1.4026507281629748,-0.545030127148598,-0.666042201576274,1.4134334476675925,-0.7473912460913185
NQO2,0.374549279451026,-1.3682846430476883,0.9937353635966557,-1.2275889474519457,1.2218808426493089,0.005708104802636408,-1.0161197889111617,1.3598963992717057,-0.3437766103605445
ST8SIA3,-1.3778702706754131,0.41306353859087336,0.9648067320845405,-1.3262098631463615,1.0883995931549857,0.237810269991375,1.2433248821465113,-0.038046618741027424,-1.2052782634054837
HIP1R,-0.8036614710615858,-0.605937184155255,1.4095986552168418,-0.681820440704572,-0.7320952153180409,1.4139156560226127,-1.3307417359426963,0.25082916420058293,1.0799125717421094
GFPT2,1.0019254621688847,-1.365317418810061,0.36339195664117224,-1.056023025554414,1.3426350621079244,-0.2866120365535104,-1.1699658664418269,1.273012658974655,-0.10304679253282935
ID2,-1.3197144932702054,0.21966951147041475,1.1000449817997962,-1.1466326774738393,1.2902020529284361,-0.1435693754545967,-1.2845840817506693,1.15452519353591,0.1300588882147599
BEND4,-1.3114116503712352,1.1141266061859392,0.19728504418529744,-1.2580815411189066,1.1884360931372413,0.06964544798166564,-1.2338474191489202,1.2154347033704485,0.018412715778472036
TRPM3,-0.07073570713217121,1.258579750500702,-1.1878440433685318,-0.8552844473036765,1.4030223473217505,-0.5477379000180743,1.0279732722870556,0.3271157438302682,-1.3550890161173226
GRB14,-1.1799467989952999,-0.08515189528514733,1.2650986942804472,-1.1488589904726472,1.2886369335955354,-0.13977794312288766,-1.100429746248473,1.319494263319139,-0.21906451707066543
TNFRSF19,-0.1267618204153394,-1.1564340678376657,1.2831958882530052,-0.8053257586695232,1.4094338646226363,-0.6041081059531123,-0.12405356620130097,1.2820505675141163,-1.1579970013128151
FILIP1,0.31344791729021576,1.037559425799229,-1.3510073430894445,-1.413619818558947,0.742295912619205,0.6713239059397421,-0.11572068972110343,1.2784981049998385,-1.1627774152787345
LITAF,-0.9475183900114854,-0.435447423669315,1.3829658136808005,-1.4138818904542128,0.733464517464198,0.6804173729900147,-1.207395802632106,1.2413863298136847,-0.03399052718157681
TEX41,0.3259695253592452,1.0287819516578778,-1.354751477017123,-1.1845757430808277,1.2613059816677699,-0.0767302385869426,-1.412162285060585,0.7720224838068297,0.6401398012537576
FAM189A1,-0.1484526589819237,1.2922047184744834,-1.143752059492562,-0.9616126113966363,1.3788463322017064,-0.4172337208050705,-1.3620082308208756,0.3513070053500945,1.0107012254707801
USP9X,-1.0439921610783625,1.3481681423430147,-0.3041759812646547,-1.3881293000179133,0.9282073091376026,0.4599219908803107,-1.3800792674064457,0.42257765181389684,0.9575016155925485
DNMT3B,-1.406092728938199,0.8341090526009415,0.5719836763372607,-1.1302833023860854,1.3012426919886684,-0.17095938960258336,-0.5237588711881684,-0.8757749423427175,1.3995338135308866
ROR2,-1.2088061203278475,-0.03127832433105597,1.2400844446589028,-1.1884690789394574,1.2580537440002981,-0.06958466506084102,-1.4087309212525938,0.596625525457792,0.8121053957948019
CPEB4,1.3924407132942371,-0.9103036230891204,-0.4821370902051169,1.4132795726133949,-0.6621354356735819,-0.7511441369398129,1.142100982724652,-1.2933412977170367,0.15124031499238466
CTIF,-1.0759774383197105,1.332787067277298,-0.25680962895758724,-1.1038801986747528,1.317502885939717,-0.21362268726496472,-1.2092228331360075,1.239698107396032,-0.030475274260026282
ATP8A1,1.375338352070278,-0.4024792165459293,-0.9728591355243508,1.3022434080781626,-1.1287424527380139,-0.17350095534015084,1.2788963809310085,-1.1622464643065493,-0.11664991662445888
SYT6,1.213770495368712,0.02166140009072639,-1.2354318954594385,-1.2240607976641755,1.2254278007798842,-0.001367003115708796,-1.288108886385612,1.149605254299676,0.13850363208593625
PSD3,-1.283401786161837,0.12724983471143497,1.1561519514503786,-1.0167947423084671,1.359629618552318,-0.34283487624385023,-1.0720003332835812,1.3348189596605313,-0.26281862637695136
SCN3A,0.3539639966762916,1.008780253039722,-1.3627442497160136,-0.6173656189138973,-0.7931995660429483,1.410565184956845,-0.6859554111811131,-0.7280493157322075,1.4140047269133207
CACNB2,-0.23975790700550764,-1.0871368332710791,1.3268947402765858,-1.13036603346932,1.3011887726796303,-0.1708227392103098,-0.5425651374181535,1.4023074595686078,-0.8597423221504554
C6orf141,-1.3684680024925482,0.37524938251009643,0.9932186199824522,-1.0791222343338704,-0.2520330986562389,1.3311553329901094,-1.3945043551880538,0.9010123369018818,0.49349201828617223
LINC01170,-1.2099503448998754,1.239021797042723,-0.029071452142848037,-0.7983942650677457,1.4101001685023085,-0.6117059034345632,0.31572902787341617,1.035968131670951,-1.3516971595443659
FRMD5,1.3572274087509664,-1.022779828073551,-0.33444758067741237,0.2713559648531138,-1.3376656925359307,1.0663097276828175,0.7343063927837612,0.6795538261973809,-1.4138602189811411
ADAM12,1.2709951965100015,-1.1725529099654213,-0.09844228654458126,-1.2664615421130019,1.1782595517291992,0.08820199038380205,1.3528149649198835,-0.3194498476955209,-1.0333651172243636
DOCK4,0.7892827374046245,-1.410896538591399,0.6216138011867745,1.4069487263931466,-0.5794926670655468,-0.8274560593276008,-1.356022617807378,1.02572095069712,0.3303016671102679
GRAMD1B,-0.0656238522036335,-1.190613646835281,1.2562374990389151,-0.6908980347508783,-0.7231926106659875,1.4140906454168658,-0.5982936671452158,-0.8105979640680246,1.4088916312132393
SNCG,0.6920697478412452,-1.4141077169852785,0.7220379691440323,1.355844522978839,-1.0261523896104827,-0.32969213336836123,0.5003618370882115,-1.3957063543111525,0.8953445172229411
KIAA1324L,1.3199417654813457,-0.22029452244426842,-1.099647243037075,-1.2839151524206793,1.15544702209841,0.12846813032226972,-1.4132358954975284,0.6610852368919201,0.7521506586056096
SERINC5,-1.2312133037569952,0.013041011894903334,1.218172291862092,-1.2496621069988785,1.1982056812502166,0.051456425748662195,-1.3781221754544917,0.9639873544615009,0.41413482099299065
SLC7A11,-1.134221545274658,1.2986544245652747,-0.16443287929061715,-0.5678354335130653,1.4056004661715675,-0.837765032658502,-1.3430769908260158,1.055085295080664,0.28799169574535044
TPD52,-0.2983967355729332,-1.0479731074624055,1.3463698430353401,-1.282884578469533,1.156859953603952,0.12602462486558147,-0.9970733979106884,1.3670892186017527,-0.37001582069106637
RBMS1,1.4137299971694146,-0.674839675361954,-0.7388903218074654,-1.189023986163724,-0.06856150981619373,1.2575854959799166,-0.2624636455738553,1.334699573108498,-1.0722359275346425
ST6GAL1,-1.414213526621407,0.7073821553599221,0.706831371261487,-1.3286221295899936,1.083920916410534,0.24470121317945878,-1.205948652686599,1.2427132459914105,-0.036764593304811174
FIRRE,-1.2633016576435043,0.08114951969853022,1.1821521379449735,-1.3396766318001894,1.0622028041713636,0.2774738276288261,-0.9682598639629693,1.3767970742460636,-0.40853721028309287
DDX58,-0.7321511440020195,-0.6817631688138165,1.413914312815836,-0.7077243928076438,-0.7064889896985885,1.4142133825062324,-1.4018848844237206,0.8623087277804972,0.5395761566432228
RGMB,-0.8918771967392521,-0.5045435421529578,1.3964207388922152,-0.20273201886709336,1.3134612187279957,-1.1107291998609028,-1.4061778829194347,0.833464633945556,0.5727132489738791
LRRTM3,-1.0860311276750139,-0.2414602434954554,1.3274913711704694,-0.6301455689401436,1.411515861633144,-0.781370292693001,0.7695135299284863,0.6428067101762229,-1.4123202401047086
HES6,0.697520437589163,-1.414170435264777,0.7166499976756113,0.047812700070557164,1.200138362907828,-1.2479510629783852,0.9763513789806022,0.3978567526764679,-1.3742081316570691
TMTC2,-0.7734143704920856,-0.6386574614222744,1.4120718319143635,-1.0090691397521183,1.362633983347447,-0.3535648435953291,-1.3923434771066907,0.9107287969756624,0.48161468013102776
NTM,-0.4027360924148318,-0.9726646321707565,1.3754007245855875,-0.9963948383929196,-0.37093893058875094,1.3673337689816711,-1.4117477842072932,0.633581808585822,0.7781659756214718
TIMP3,0.46484080687000773,-1.3891149474704334,0.9242741406004252,-1.4073328893203292,0.5829991169447909,0.8243337723755395,-1.012684140612974,-0.3485574112193953,1.3612415518323686
FGF14,-0.8755480722171116,-0.5240272323079886,1.3995753045251007,-0.642755470635056,-0.769561792670404,1.4123172633054595,-0.9200208373884712,1.3901562374120657,-0.47013540002359394
ZIC3,-0.5320929572054556,-0.8687036320688971,1.4007965892743526,-1.1036887685496115,1.3176141451253378,-0.21392537657572658,-0.5196668345228762,1.3988943400494733,-0.879227505526597
PRKCQ,-0.9394036368387902,-0.44579837563877217,1.3852020124775617,-0.9802329210023937,-0.392695844259751,1.3729287652621445,-1.387742350421997,0.9297278618533812,0.45801448856861626
DGKB,-0.8026787628233789,-0.6070157657384831,1.4096945285618627,-0.4884655233313803,1.3936026213659742,-0.9051370980345939,-1.3412431944998198,1.0589513796590615,0.2822918148407583
TBC1D23,0.7904420564756632,0.6203581250121218,-1.410800181487786,-1.2734314296836455,1.1694251059927578,0.10400632369088766,-1.1252732389461344,1.3044722503804516,-0.17919901143431743
COLEC12,-1.293866966268221,0.15253363968762695,1.1413333265805898,-1.0369720649002634,1.351262534557608,-0.31429046965734414,-1.4059619380534079,0.8350917996153732,0.5708701384380361
SEMA6A,-0.4985073278507735,-0.896878018325526,1.3953853461763022,-1.3796883878339976,0.42087400159633015,0.9588143862376683,1.3780365017980623,-0.41377009053439207,-0.9642664112636716
PHLDA1,1.362675929570918,-0.35371663882204496,-1.0089592907488731,-0.924705452155511,-0.46430247952215103,1.3890079316776616,-1.3537883052801247,1.0310733705016923,0.32271493477843155
THSD4,1.3316305180872954,-0.25341966925888565,-1.0782108488284095,-1.0013216121792776,1.3655401454989113,-0.3642185333196337,0.023131731623234127,1.2130151614152809,-1.2361468930385136
PINCR,-1.3916056230007425,0.47768508520437236,0.9139205377963707,-0.8423967957486822,1.4049543274037466,-0.5625575316550646,-0.61594604759814,1.4104510733928803,-0.7945050257947401
ABCA1,-0.9348032618627143,-0.45162347547657933,1.386426737339296,-0.6160551299541616,-0.7944047720136623,1.4104599019678237,-1.31300759179905,0.2015221502163811,1.1114854415826712
CTNNA3,1.065438651270058,0.272656586771643,-1.3380952380417013,-0.7995283956621663,1.4099947449822827,-0.6104663493201159,0.7889306774902067,0.6219948373494316,-1.4109255148396382
DISC1FP1,-1.1567848473861906,-0.12615467384068973,1.2829395212268802,-0.8476254612695981,-0.5565689848493409,1.4041944461189393,-0.57595663199283,1.4065512767582993,-0.8305946447654683
ANK3,-1.2569391379261505,0.06715147495389473,1.1897876629722557,0.5740165548539199,0.8323123853257836,-1.4063289401796941,0.49923779132546026,0.8962743021460186,-1.395512093471477
CRABP1,-0.5808192140914479,-0.8262760158610304,1.4070952299524775,-1.3087607880166174,1.1184481690289316,0.1903126189876864,-1.3466435568876316,1.0473717056190164,0.29927185126860806
PRICKLE2,-0.31566186168638294,1.3516768973763595,-1.0360150356899775,-0.6486712083790577,-0.7639746675459904,1.4126458759250482,-1.3201101565262028,0.22075804779593208,1.099352108730271
PDZRN3,-1.140067612569976,-0.154662253506111,1.2947298660760886,-0.8939378997283891,1.3959980714257498,-0.5020601716973608,-0.1895744717056004,1.3084783579090493,-1.1189038862034488
WARS,0.16978980712353162,-1.3007808217496992,1.1309910146261692,-0.7549330382823697,-0.6581767982139328,1.4131098364963024,-1.3613867049287107,0.3490765861021727,1.0123101188265384
SEZ6L2,-1.4053360124322383,0.8396826737550067,0.5656533386772323,-1.1945388329079292,-0.058327816995218114,1.2528666499031471,-1.022991901455343,1.3571410755688107,-0.334149174113468
CDH9,-1.0771104180333186,1.3322017679602907,-0.2550913499269714,-0.72174590907645,1.4141118315497776,-0.6923659224733276,-0.5453184878384522,1.4026905753946806,-0.857372087556228
INA,0.23848167712606713,1.087964557074492,-1.3264462342005583,-1.4141534682950323,0.7183672647749071,0.6957862035201253,-1.390886930596185,0.916972604967215,0.47391432562897085
NRG1,-1.062133763525081,-0.27757636546396813,1.3397101289890512,-1.082658312904844,1.3292937705840004,-0.24663545767915668,-1.266385565905177,0.08803161517715416,1.178353950728017
PLCL1,1.1084651677171393,-1.3148104753124041,0.2063453075952632,-0.7074558158662086,-0.7067576890684805,1.4142135049346893,0.25992977865849126,-1.3338450256488503,1.0739152469903597
SALL3,-1.3931323474199313,0.48588466780787276,0.9072476796120589,-1.2317558432015259,1.2176113817425216,0.014144461459003988,-1.4128153004707842,0.7608566636951083,0.6519586367756754
PRICKLE1,-0.9251612137458258,-0.4637333498584245,1.388894563604248,-1.2721546249419422,1.1710697962304346,0.10108482871150698,-0.869875123326926,1.4005917194045894,-0.5307165960776633
KCNK9,-0.552576893210014,-0.8510952870091417,1.403672180219155,-1.3218173501605806,0.22547880746571575,1.0963385426948646,-0.6437817627017172,1.4123764527865843,-0.768594690084868
FST,-1.337251557765174,0.27010513520027785,1.0671464225648954,-1.0487455541267954,1.3460172086908873,-0.2972716545640923,-1.0657761153470384,1.3379290218280349,-0.27215290648099644
GSE1,-1.3400459678082188,0.2786055556760055,1.0614404121322112,-0.3072376375722046,1.3491119285714694,-1.0418742909992653,-1.1746818412208495,1.2693174076900717,-0.09463556646922446
DTNA,-0.21586856751397587,1.3183270180253306,-1.102458450511358,-1.0832810649556621,-0.24568189241008923,1.328962957365751,-0.898851649804159,1.394967618654876,-0.49611596885071696
GJA1,-1.0635630046270337,1.3390146169659933,-0.27545161233895676,-0.96731049557411,1.3770939999486833,-0.4097835043745732,-0.40633345131139786,1.3762693830386852,-0.9699359317272891
RNF220,-1.4123854313533262,0.7684465908625445,0.6439388404907818,-1.3930325103194585,0.48534021746889533,0.9076922928505634,-1.2491588035144496,0.05038282156733734,1.1987759819471118
LINC01933,-0.41293460587558917,1.3778398988494367,-0.9649052929738474,1.4122707049572338,-0.7703116093007344,-0.6419590956564996,1.3309064895487541,-0.251308418587019,-1.0795980709617368
MYC,1.3071777367550963,-1.1209910222010704,-0.18618671455402871,-1.1052593103405417,-0.21143931598296353,1.3166986263235056,1.373098680166475,-0.39337701721865787,-0.979721662947817
KLHL24,1.373447501263736,-0.9786680448975728,-0.39477945636616185,-0.3328980707171431,-1.0238803963050342,1.3567784670221774,1.247694621191492,-0.047268088643233966,-1.2004265325482582
KLF7,0.9562515331599817,-1.3804490201853101,0.42419748702532556,-1.224766251147593,4.2760631713581446e-05,1.2247234905158795,0.7169871348599043,0.697180191992929,-1.4141673268528332
SULF1,-1.414204359803458,0.7115204979830764,0.7026838618203826,-0.7568156646716391,-0.656204431887217,1.4130200965588564,-1.3298114403767576,1.0816804192552967,0.24813102112146185
ELAVL2,0.3128709687095437,-1.3508323269929559,1.037961358283413,0.840697233415888,-1.405194351478194,0.5644971180623066,-0.9310580133959577,-0.4563431274770269,1.3874011408729843
ANK2,-1.3646250396200308,1.003791719652745,0.3608333199672861,-1.4123489005804444,0.769046839078204,0.6433020615022407,-0.7243623501062334,1.4140720388367278,-0.6897096887304938
HECW1,0.6559538186629776,0.7570546297659231,-1.413008448428897,-1.41321422863457,0.752641427482555,0.6605728011520148,-1.2126803721342987,-0.023782608537334472,1.2364629806716327
RAB3B,-1.3968351280910696,0.5070051331584475,0.889829994932622,-1.398481751781975,0.5170689997695241,0.8814127520124512,-1.120923921248885,1.3072197339880798,-0.18629581273919466
GABRB2,-1.3851079575258487,0.44535575971810876,0.93975219780774,-1.0712852593144784,1.335180571146968,-0.2638953118324901,-0.9985605918244247,-0.3679898801813967,1.3665504720058221
AGBL1,-1.0876067064896757,-0.2390336278687329,1.3266403343584092,-1.2749678198655543,0.10753788085957396,1.1674299390059804,1.4027609162831545,-0.8569322463387351,-0.5458286699444197
GAP43,-0.853142239333506,-0.5502150593912627,1.4033572987247687,-0.8890952020536635,-0.5078873265476808,1.396982528601344,0.5600862494142882,-1.4046441850448879,0.8445579356305982
RBFOX1,-0.6607709293080232,1.4132226335007678,-0.7524517041927443,-1.2636244247451698,0.08186677426933119,1.1817576504758383,-0.13492830707418263,1.286621962831103,-1.1516936557569184
SYT4,-1.2822044427881851,0.12441679952631822,1.1577876432618666,-1.0079542786527917,-0.3551044220571249,1.3630587007099164,-1.3607904045560177,0.3469478958693324,1.0138425086866858
ONECUT1,-0.26890446234146836,-1.0679486140550325,1.336853076396498,1.2582457945779317,-1.188241078284909,-0.07000471629302266,-0.6647472352274144,-0.7486367130229299,1.4133839482503443
THRB,-1.050917688915996,-0.29410140856956274,1.3450190974855567,-0.982899084024508,-0.3891366507978754,1.3720357348223828,-0.6240093658267579,-0.7870673045016245,1.4110766703283826
KCNH7,-1.4093101727055486,0.8065551738478042,0.6027549988577406,-0.5655442134032971,-0.8397784743478358,1.4053226877511327,-1.1269918950221474,1.3033722556976461,-0.17638036067549911
NEFL,-1.2491958937742296,0.05046188789656405,1.198734005877667,-1.3847996301441208,0.9408902339306746,0.4439093962134466,1.0205576644594594,-1.3581270144739277,0.3375693500144672
CTNNA2,-1.05431501467789,-0.2891236252180732,1.3434386398959648,-1.349760214779404,0.30935237663731036,1.0404078381420934,-1.2846363273633,0.1301832890500747,1.154453038313225
PARM1,0.8903734610289127,-1.3967256550580336,0.5063521940291188,-1.0442780605963249,1.348040052889783,-0.30376199229345724,-0.16398972914864637,1.298477715481115,-1.1344879863324684
ANGPT2,-0.9237753056055634,-0.4654630837392293,1.389238389344793,-0.7030872479425743,-0.7111187124909603,1.4142059604335344,-1.0454283193399923,-0.30209474052535745,1.34752305986535
CACNA1B,-1.1814693570046302,-0.08239058387037347,1.2638599408750024,-1.0172793650843337,1.3594375551477649,-0.3421581900634311,-0.6907299789189804,1.414088093058799,-0.7233581141398182
SNTG1,1.3458370798821024,-1.049139107973706,-0.29669797190838937,-0.8320829630153681,1.4063588331655625,-0.5742758701501944,0.11606757051081946,1.1625792735420086,-1.278646844052826
TFAP2B,-0.3825627127863943,-0.9878006289195866,1.370363341705981,-0.7387779347342697,-0.6749555027969601,1.4137334375312305,-1.1314316693008712,-0.1690608547438887,1.3004925240447598
SEMA3E,-0.30441174068347027,1.348241036672786,-1.043829295989316,-1.16237359781946,1.278801100884097,-0.1164275030646369,-1.1763492950336205,1.2679920877575177,-0.09164279272389791
NRXN1,-1.3381198021619143,0.2727310650159801,1.0653887371459343,-1.3223710438117247,0.22701836876525683,1.0953526750464675,-0.6707323280394933,1.4136001868979162,-0.7428678588584228
KLHL35,-0.9133209048823123,-0.47842440655759466,1.3917453114399083,-0.01844808919197229,-1.2154166173958794,1.233864706587851,-0.940474406018244,1.3849125108197535,-0.4444381048015096
L1TD1,-1.4116673520393146,0.7792943143896841,0.632373037649631,-1.3572802533633732,0.3346303370355295,1.0226499163278435,-0.9989340774038638,-0.3674804982061379,1.3664145756100015
NRP1,-1.2412962523270046,0.03380256686429419,1.2074936854627103,-0.9413344228624191,1.3846787694821499,-0.4433443466197302,-1.4029021714968377,0.5468576741582823,0.8560444973385735
RBP1,-0.17809358733864514,-1.1259478588339886,1.304041446172632,-0.6006940119004694,-0.8084248497758151,1.409118861676285,1.4111315263980548,-0.7863795083425478,-0.6247520180555068
FNDC5,-0.8839239181025212,-0.5140761574769009,1.3980000755794226,-0.7564415785006691,-0.656596636065147,1.413038214565816,-0.970312820476076,-0.4058372894113033,1.37615010988738
DAZL,-0.8638028973611853,-0.5378322342874772,1.401635131648662,-1.4104556594804085,0.6160026960627201,0.794452963417688,-0.9527118780236983,-0.42877115598885746,1.381483034012556
LUZP2,-0.9325372603386655,1.3870187013395907,-0.4544814410009403,-1.3891778130040024,0.9240202750919612,0.4651575379120416,0.8510600000346208,0.5526175641343384,-1.4036775641689587
KLF4,-1.315067908378701,0.20703723137734983,1.10803067700135,-0.9763782759154449,-0.3978210745908054,1.3741993505062502,-0.9397328136603468,-0.44538037912294093,1.3851131927832878
LRRTM4,-1.3552845828600169,0.32778121243369795,1.0275033704263186,-0.8719834168887085,1.400218699615686,-0.5282352827269775,1.357147812322652,-0.3341724519964514,-1.0229753603262006
LINC01374,-1.1091261758878066,-0.20529173007751786,1.314417905965325,-1.1374520135630686,1.2964980779899524,-0.15904606442688327,-0.753610728018038,-0.6595599928811522,1.4131707208991904
NRXN3,0.30269936495110417,-1.347710757086244,1.0450113921351387,-0.7914395232605643,1.4107161216069168,-0.6192765983463525,-0.13127428774532393,-1.1538198238112,1.2850941115565229
IGFBP5,1.4101332837661193,-0.6120984133787127,-0.7980348703874061,-0.7338003136589766,-0.6800730160624878,1.4138733297214638,-0.2071840123261985,-1.1079384675672623,1.3151224798934598
NFIA,-1.389583701654597,0.9223722807239199,0.46721142093067713,-1.3930576729303483,0.9075803465697269,0.48547732636062196,1.3778698724124043,-0.413061847588152,-0.9648080248242586
EBF1,1.4085086395394608,-0.5943563704848509,-0.8141522690546111,-0.8349631097588132,-0.5710160192230377,1.405979128981852,-1.3742262527347877,0.39793039050496815,0.9762958622298196
OLFML3,-1.4141952630584567,0.7008671855365946,0.7133280775218617,-1.3215080001968533,1.096887527887549,0.224620472309304,-1.288470258814947,1.1490948070526656,0.1393754517622819
BNC2,1.3578235478340837,-1.0213098021100324,-0.3365137457240467,-1.1952349463325294,-0.057027520169136044,1.2522624665016653,0.9855217786040275,0.38562405929561916,-1.3711458378996462
KCNH5,-0.2301368152159497,-1.093351132415974,1.3234879476319261,-1.3550547593319358,1.0280554804066966,0.32699927892523917,-1.199757626269834,1.2482893533449988,-0.04853172707516357
GADD45G,-0.9646997284415901,-0.4132034984877263,1.3779032269293174,-0.5585809902523068,-0.8458719189263975,1.4044529091787046,-1.2673688962173288,0.09023982289312972,1.1771290733241984
DLL3,-0.6747661803777044,-0.7389616275312023,1.4137278079089057,-1.1071967888965326,-0.20836384411274303,1.315560633009276,-0.31277560162032675,-1.0380277748054945,1.3508033764258205
EBF3,1.2112687918931082,-1.237790180021459,0.026521388128348002,1.255780893653954,-1.1911494994397671,-0.06463139421418838,-0.8239105119768249,-0.5834735969139759,1.4073841088908008
ONECUT2,-1.2563898629910466,0.06595531698049815,1.1904345460105485,-1.3089555081337687,0.19082205390274368,1.1181334542310255,-1.3966464209761877,0.5058808007110311,0.8907656202651577
MGAT4C,-1.338226186569586,0.2730537477511125,1.0651724388184738,-1.2444298217541694,1.204061810023814,0.04036801173035555,-0.6227240042479988,-0.7882566185350021,1.410980622783
IFIT3,-1.3141065201356354,0.20445736934104766,1.1096491507945876,-0.70626738812275,-0.7079458422391333,1.4142132303618833,-1.1032339041107306,-0.21464424010788505,1.3178781442186165
ZC3HAV1,-0.6261334756098562,-0.7850988476331429,1.411232323242999,-0.7123125140096606,-0.7018882419596167,1.4142007559692773,-0.7359691868681472,-0.677846184935677,1.4138153718038242
SYN3,-1.2906146176397495,1.1460422003053319,0.14457241733441806,-1.292147833915351,1.1438343829258963,0.14831345098945423,0.8649011543317437,0.536548646222212,-1.401449800553958
XKR4,0.08267211090620842,-1.2639864517474573,1.1813143408412448,-0.6562743699774899,-0.7567489673253983,1.4130233373028882,1.2652845426770445,-0.08556707582431552,-1.1797174668527286
NEFM,-0.26700303855880453,1.3362201202207329,-1.0692170816619304,-0.01197082026550605,1.230686404088677,-1.218715583823171,-0.32211754435509315,1.3536107482834034,-1.0314932039283096
CDKN1C,0.17634910529807316,-1.3033600301772317,1.1270109248791578,-0.262064319902946,-1.0725008554558135,1.3345651753587588,-1.2565161344243487,0.06623012934033902,1.1902860050840107
IFIT1,-0.6220329688918075,-0.7888954389410249,1.4109284078328324,-0.7079690662116075,-0.7062441455129169,1.4142132117245245,-0.7433385093980711,-0.6702452789045563,1.4135837883026274
IFIT2,-0.689195634154367,-0.7248679530140898,1.4140635871684568,-0.7066996265276637,-0.7075138577133798,1.4142134842410432,0.0345958329530555,-1.2416762674190431,1.2070804344659876
STMN2,-0.7107773690426793,-0.703429830967776,1.4142072000104557,-0.721354534042054,-0.6927626824600661,1.4141172165021203,-0.26738436964908313,-1.0689628775896662,1.3363472472387492
