Genename,TSS1,TSS2,TSS3,RNA1,RNA2,RNA3,Distal1,Distal2,Distal3
IFIT2,-0.689195634154367,-0.7248679530140898,1.4140635871684568,-0.7066996265276637,-0.7075138577133798,1.4142134842410432,0.0345958329530555,-1.2416762674190431,1.2070804344659876
IFIT1,-0.6220329688918075,-0.7888954389410249,1.4109284078328324,-0.7079690662116075,-0.7062441455129169,1.4142132117245245,-0.7433385093980711,-0.6702452789045563,1.4135837883026274
HERC5,-0.08495659660011083,-1.1800546388924744,1.2650112354925858,-0.702652853166035,-0.7115513772840231,1.4142042304500577,-0.6601119734102479,-0.7530825717998906,1.4131945452101387
ZC3HAV1,-0.6261334756098562,-0.7850988476331429,1.411232323242999,-0.7123125140096606,-0.7018882419596167,1.4142007559692773,-0.7359691868681472,-0.677846184935677,1.4138153718038242
IFIT3,-1.3141065201356354,0.20445736934104766,1.1096491507945876,-0.70626738812275,-0.7079458422391333,1.4142132303618833,-1.1032339041107306,-0.21464424010788505,1.3178781442186165
OASL,-0.7238835406931824,-0.690196274130048,1.4140798148232303,-0.7093748080014208,-0.704836326894313,1.4142111348957342,-0.7858084680423724,-0.625368219040702,1.4111766870830742
IFIH1,-0.7057544089225796,-0.7084582918426615,1.4142127007652414,-0.707196309788724,-0.7070172488057297,1.4142135585944535,0.16267645221516344,1.1352768645932598,-1.2979533168084223
IFI44,-0.7105936939967528,-0.7036141273233733,1.414207821320126,-0.7123951090855285,-0.7018052367641695,1.4142003458496981,-0.3019228277992047,-1.045546820313727,1.3474696481129316
ANGPT2,-0.9237753056055634,-0.4654630837392293,1.389238389344793,-0.7030872479425743,-0.7111187124909603,1.4142059604335344,-1.0454283193399923,-0.30209474052535745,1.34752305986535
SULF1,-1.414204359803458,0.7115204979830764,0.7026838618203826,-0.7568156646716391,-0.656204431887217,1.4130200965588564,-1.3298114403767576,1.0816804192552967,0.24813102112146185
C11orf96,-0.973400895181226,-0.4017634081431418,1.3751643033243681,-0.7153888847713963,-0.6987922152012084,1.4141810999726045,-1.1057667540707214,-0.21063473944513564,1.3164014935158574
DDX58,-0.7321511440020195,-0.6817631688138165,1.413914312815836,-0.7077243928076438,-0.7064889896985885,1.4142133825062324,-1.4018848844237206,0.8623087277804972,0.5395761566432228
CALY,-0.6733475665780266,-0.7403370295339534,1.41368459611198,-0.7135715093178578,-0.7006222913750397,1.4141938006928976,-0.7294291001524439,-0.6845470430873218,1.413976143239765
WARS,0.16978980712353162,-1.3007808217496992,1.1309910146261692,-0.7549330382823697,-0.6581767982139328,1.4131098364963024,-1.3613867049287107,0.3490765861021727,1.0123101188265384
IFI6,0.2981628094580463,-1.3462965918579135,1.048133782399867,-0.7102467642808182,-0.7039621433821857,1.4142089076630038,-0.8600709969448179,-0.542182794999155,1.402253791943973
DDX60,-0.7079403185850662,-0.7062729161346333,1.4142132347196998,-0.7114863141402779,-0.7027181878042555,1.4142045019445333,1.395140351330683,-0.4971018488237329,-0.8980385025069502
IFITM3,-0.557562063725975,-0.8467603529026835,1.4043224166286583,-0.6689056882055918,-0.7446319001201279,1.4135375883257195,-0.15657454602404716,-1.1389281182203672,1.2955026642444147
GRAMD1B,-0.0656238522036335,-1.190613646835281,1.2562374990389151,-0.6908980347508783,-0.7231926106659875,1.4140906454168658,-0.5982936671452158,-0.8105979640680246,1.4088916312132393
BST2,-1.1668830389312326,1.2753865896055505,-0.1085035506743184,-0.7331801185789932,-0.6807089358835008,1.4138890544624938,-0.9521868524526949,-0.42944793037321327,1.3816347828259081
KLF4,-1.315067908378701,0.20703723137734983,1.10803067700135,-0.9763782759154449,-0.3978210745908054,1.3741993505062502,-0.9397328136603468,-0.44538037912294093,1.3851131927832878
FGF2,-0.9352145635871899,-0.451103929654711,1.3863184932419024,-0.7136195525789748,-0.7005739528423439,1.4141935054213186,-1.1949954533023128,-0.05747509716682481,1.2524705504691376
PIK3AP1,-0.5795167221607102,-0.8274346735166567,1.4069513956773667,-0.7072585566916736,-0.7069549948214623,1.414213551513136,-0.720869503961539,-0.6932541815730016,1.4141236855345407
HIP1R,-0.8036614710615858,-0.605937184155255,1.4095986552168418,-0.681820440704572,-0.7320952153180409,1.4139156560226127,-1.3307417359426963,0.25082916420058293,1.0799125717421094
PLD5,-0.06096018656075317,-1.1931264168938946,1.2540866034546474,-0.7106805611810535,-0.7035269702816198,1.4142075314626734,1.402050727641446,-0.8613073585676926,-0.5407433690737562
RSPO2,-0.8469900835614266,-0.5572984373786127,1.4042885209400395,-0.7109484142855851,-0.7032581783865296,1.4142065926721146,-0.8819065675105227,-0.516481102840685,1.3983876703512075
ACOXL,-1.3197197756406975,0.2196840305347049,1.1000357451059917,-0.7119904963100715,-0.7022117967436,1.4142022930536717,-0.8285455715295776,-0.5782664713550716,1.4068120428846491
PRKCQ,-0.9394036368387902,-0.44579837563877217,1.3852020124775617,-0.9802329210023937,-0.392695844259751,1.3729287652621445,-1.387742350421997,0.9297278618533812,0.45801448856861626
CALB1,-1.2957229493883862,1.1386022706559678,0.1571206787324177,-0.710246115994774,-0.7039627935914976,1.414208909586272,-1.0236774716167811,-0.3331839417442335,1.3568614133610144
IGFBP5,1.4101332837661193,-0.6120984133787127,-0.7980348703874061,-0.7338003136589766,-0.6800730160624878,1.4138733297214638,-0.2071840123261985,-1.1079384675672623,1.3151224798934598
TRPC4,-0.6608215518116803,-0.7524032235861802,1.4132247753978584,-0.6810000151398957,-0.7328961143415279,1.4138961294814238,-1.2525619561898438,1.1948901667556433,0.05767178943420014
PARP14,0.022767448676929352,-1.2359698717615684,1.2132024230846377,-0.6806244676206096,-0.7332625193192206,1.4138869869398303,0.09493072744748321,1.1745170902172797,-1.2694478176647617
CH25H,-0.7730529445494457,-0.639042569132326,1.412095513681772,-0.7056764461018313,-0.7085361524937444,1.4142125985955756,-1.4056643419821828,0.8372971041887428,0.5683672377934382
CACNA1C,-0.4242671207241135,-0.9561977529666379,1.3804648736907517,-0.656959788595318,-0.7560950810390381,1.4130548696343557,-0.7024193562231663,1.414203227481604,-0.711783871258437
SAMHD1,1.324929778670725,-1.0907414485744351,-0.23418833009628584,-0.7230729982195174,-0.6910194753801392,1.4140924735996565,1.3182006609180343,-0.21552365933389755,-1.1026770015841376
MYC,1.3071777367550963,-1.1209910222010704,-0.18618671455402871,-1.1052593103405417,-0.21143931598296353,1.3166986263235056,1.373098680166475,-0.39337701721865787,-0.979721662947817
SAR1A,-0.08624877710788077,-1.1793406871580625,1.265589464265938,-0.8284725822875393,-0.5783486600308702,1.4068212423184094,-0.7629292018539057,-0.6497745928195426,1.412703794673448
RTL9,-0.7585597027989861,-0.6543740476243222,1.4129337504233082,-0.6905487649615374,-0.7235365467333607,1.4140853116948986,-0.8499534372623769,-0.553892203065891,1.403845640328268
MAP1LC3C,-1.2670194386828777,0.08945429339680708,1.17756514528607,-0.7370524352368447,-0.6767322579671995,1.4137846932040439,-1.0542028081451928,-0.28928841058342497,1.3434912187286172
NR3C1,0.9035737230652375,-1.3939470895403179,0.4903733664750797,-0.5069419519292784,-0.8898825970960303,1.3968245490253088,0.8566423442872257,0.5461648054263906,-1.402807149713616
L1TD1,-1.4116673520393146,0.7792943143896841,0.632373037649631,-1.3572802533633732,0.3346303370355295,1.0226499163278435,-0.9989340774038638,-0.3674804982061379,1.3664145756100015
LRRC4C,-0.8947968110384725,1.395820252703566,-0.5010234416650918,-0.7510571867550792,-0.6622261111011537,1.4132832978562329,-0.7108390822311699,1.4142069840802063,-0.7033679018490364
BNC2,1.3578235478340837,-1.0213098021100324,-0.3365137457240467,-1.1952349463325294,-0.057027520169136044,1.2522624665016653,0.9855217786040275,0.38562405929561916,-1.3711458378996462
B4GALT5,-0.42204958519484154,-0.9579087430356558,1.3799583282304984,-0.7406277601733506,-0.6730474622322045,1.4136752224055549,-1.001605668025887,-0.36382978411675276,1.3654354521426395
SLC2A13,1.3537914182468396,-1.0310660027829943,-0.32272541546384226,-0.7234522848359795,-0.6906343441426759,1.4140866289786551,-1.1235409972173696,1.3055727039555425,-0.1820317067381717
ANKRD33B,0.312542454677283,-1.3507325747744734,1.0381901200971912,-0.5842337508912199,-0.8232320355412982,1.4074657864325182,-1.043895467051639,-0.30431595949341356,1.348211426545052
MED12L,0.7669543358134379,-1.41247463393019,0.6455202981167554,-0.5927259166190959,-0.8156204007503078,1.4083463173694033,-0.393898703133629,-0.9793298919600931,1.373228595093722
OAS2,-0.6380472236309379,-0.7739868205741944,1.4120340442051325,-0.7076601173698349,-0.7065533006305157,1.414213418000351,0.29337164959107825,-1.3447884107255408,1.0514167611344625
LY6E,1.3606251076916271,-0.34635973196918324,-1.0142653757224405,-0.9019270633288271,-0.4923792900744694,1.3943063534032967,-0.6080047484795689,-0.8017768394234687,1.4097815879030375
APOL2,-0.505078846617837,-0.8914323940993586,1.3965112407171956,-0.6742991926104656,-0.7394145908817904,1.413713783492256,-0.6164450640162694,-0.7940463155456203,1.4104913795618896
C6orf141,-1.3684680024925482,0.37524938251009643,0.9932186199824522,-1.0791222343338704,-0.2520330986562389,1.3311553329901094,-1.3945043551880538,0.9010123369018818,0.49349201828617223
DDX60L,-0.2536804895504114,-1.0780392748930883,1.331719764443499,-0.6710012954956022,-0.7426078561062486,1.413609151601851,0.2821559733003386,1.0590432593280046,-1.3411992326283426
ARHGAP26,0.709915073577903,-1.4142098397036824,0.704294766125779,-0.5764415821641036,-0.8301647984013375,1.4066063805654412,1.3565950148201964,-0.33226647654184804,-1.0243285382783478
THSD7B,-0.8022539458670505,-0.6074816998209586,1.4097356456880086,-0.7240030636815004,-0.6900748308035453,1.4140778944850456,0.7218209539814325,0.6922898281720772,-1.4141107821535097
HERC6,-0.3530673458902288,-1.0094290528390994,1.362496398729328,-0.6337787334172674,-0.7779820356948646,1.411760769112132,-0.6408331742593525,-0.7713707694908843,1.4122039437502374
ADAP1,-0.6040978501907589,-0.8053350826210842,1.4094329328118433,-0.7080883385454987,-0.7061247694402779,1.4142131079857765,-0.9164304458570507,-0.474585092481845,1.3910155383388951
USP18,-0.493285844234779,-0.9011818933088086,1.3944677375435877,-0.7037660774836842,-0.7104422321321129,1.4142083096157971,-0.39948310510371565,-0.975124370246366,1.3746074753500805
PRR15,-1.3151333259411293,0.20721318929764326,1.107920136643487,-0.7521963114114488,-0.6610375788171287,1.4132338902285775,-1.165398547312467,-0.11111962882588616,1.2765181761383535
KCNN1,1.149508996748493,-1.2881770938922918,0.1386680971437988,-0.5523334246352399,-0.8513064984608137,1.403639923096054,0.716029805901693,-1.4141758697524447,0.6981460638507531
RGS2,0.09072840911567093,-1.2675860611920997,1.1768576520764258,-0.8019322976658965,-0.6078343480296481,1.4097666456955449,-1.4141155990325969,0.6926423761957867,0.7214732228368108
SLC1A3,1.3429430962586004,-1.0553698161099245,-0.2875732801486721,-0.6944024017942472,-0.7197355255711266,1.4141379273653738,-1.4126805336411077,0.7633515148651792,0.6493290187759289
TNFRSF8,-0.6775614453346911,-0.7362461913431705,1.4138076366778616,-0.7065729072597823,-0.7076405207867481,1.4142134280465304,-0.3904442693457073,-0.9819205730738843,1.3723648424195918
EDA,-0.48078772021381316,-0.9114014238167184,1.392189144030531,-0.9507930982287243,-0.43124249883717375,1.382035597065898,-0.7109230569658586,-0.7032836274945324,1.4142066844603904
DAZL,-0.8638028973611853,-0.5378322342874772,1.401635131648662,-1.4104556594804085,0.6160026960627201,0.794452963417688,-0.9527118780236983,-0.42877115598885746,1.381483034012556
FNDC3A,0.06252009535480958,-1.2548075245893626,1.192287429234554,-0.5930612693601524,-0.8153186123353158,1.4083798816954678,-0.24784624071766928,-1.0818667372538364,1.3297129779715087
LINC02044,1.18848350562209,0.0695580797048766,-1.2580415853269709,-0.7187433242778668,-0.6954060515782747,1.4141493758561416,1.1881155455766346,-1.2583514486345895,0.07023590305795356
WDR60,0.5379145481018087,-1.401646973044111,0.8637324249423012,-0.7511647388728734,-0.6621139499680105,1.4132786888408833,-0.8653080154540062,-0.5360727487906884,1.4013807642446947
PLCB4,0.9833737854942934,-1.3718755080461447,0.3885017225518512,-0.704487323691023,-0.7097230080970977,1.4142103317881207,-0.533842402962208,1.4010548869872046,-0.8672124840249977
AP1S2,1.4135067454013415,-0.7454704300355464,-0.6680363153658079,-0.9076940065511302,-0.48533811844079133,1.3930321249919217,-0.4304678610097308,-0.9513950017089214,1.3818628627186522
LRRN3,1.0201352201050997,0.3381617808116435,-1.3582970009167428,-0.3373010899339492,-1.020748875348601,1.3580499652825502,-0.4480297586036225,1.3856740382439612,-0.93764427964034
PLXNA4,-0.048218516155150305,-1.1999235155951093,1.248142031750261,-0.7254748357582864,-0.6885782801921428,1.4140531159504295,-0.8745857849554992,-0.5251647837685031,1.3997505687239975
TDRD7,-0.39047828332649875,-0.9818951041591183,1.372373387485616,-0.6666288734705665,-0.7468265072120902,1.4134553806826564,-1.2558684092590757,0.06482151256088119,1.1910468966981937
LINC01003,0.8783325906269605,-1.3990615475060824,0.5207289568791214,-0.6340519810154529,-0.7777267505382984,1.411778731553751,-0.9068006471846447,-0.4864318101949474,1.3932324573795918
TTC9B,-1.1974475566078506,-0.052881556143557516,1.2503291127514085,-0.6846400961082814,-0.7293379916677811,1.4139780877760628,1.1540723622488533,0.13083932842510798,-1.2849116906739615
RIMS1,0.051980336343970465,-1.2499074584637657,1.1979271221197965,-0.2951319707911648,-1.0502123078885681,1.3453442786797327,-0.33754935089740407,-1.0205719211250455,1.358121272022449
S100A10,-0.77888562122416,-0.6328110188195787,1.411696640043739,-0.6599528149385995,-0.7532348884194405,1.41318770335804,-0.7467225432484635,-0.6667368403601187,1.413459383608582
ESYT2,0.16229896233631871,-1.2978023836503811,1.1355034213140633,-0.7549810867784548,-0.6581265040540433,1.413107590832498,-0.9857319920255293,-0.3853420259974174,1.3710740180229468
KIAA1217,-0.2393864753173587,-1.0873778400233043,1.3267643153406656,-0.8372310292889291,-0.5684423117754727,1.4056733410644013,-1.2604685803157778,0.07488375353480746,1.1855848267809714
WNT8A,-1.2893819071453925,1.1478019981191097,0.14157990902628276,-0.7428878123781595,-0.6707116837613817,1.4135994961395413,-1.406475357854417,0.8311841552804775,0.5752912025739391
SLC2A12,-0.47733879083543596,-0.9142012647488174,1.3915400555842532,-0.6859687698511533,-0.7280362194941855,1.4140049893453384,0.7382523069334872,0.6754970553892246,-1.4137493623227106
ACVR1,-1.0140278751548775,-0.34669011026739927,1.360717985422278,-0.8722213530801274,-0.5279548987312995,1.4001762518114262,-1.1236462787813772,-0.18185977700283285,1.3055060557842098
IFIT5,1.0949067381996342,-1.32262072263309,0.22771398443345575,-0.6395096663875826,-0.7726143992306816,1.4121240656182643,-0.6950761331803166,-0.7190695823662532,1.4141457155465702
CCDC6,-0.41095684748958916,-0.9664157063395148,1.3773725538291064,-0.8019985711498757,-0.607761696474412,1.4097602676242875,-0.7109299484334914,-0.7032767111415218,1.4142066595750136
RBFOX1,-0.6607709293080232,1.4132226335007678,-0.7524517041927443,-1.2636244247451698,0.08186677426933119,1.1817576504758383,-0.13492830707418263,1.286621962831103,-1.1516936557569184
SP8,0.3911084958671692,-1.3725315664683941,0.9814230706012248,-0.764133830790157,-0.6485031290373557,1.412636959827513,-0.7498057794384081,-0.6635302905290834,1.4133360699674908
CREB5,0.2701770310516906,-1.3372753890688358,1.0670983580171454,-0.44200927559544506,-0.9423830233950942,1.3843922989905393,1.4125466573084247,-0.7657204118046796,-0.6468262455037425
CFAP54,-0.11544748079776752,-1.1629334225191423,1.2783809033169118,-0.3891643781198654,-0.9828783474770392,1.3720427255969048,1.38940046360487,-0.4662822732244624,-0.9231181903804083
ZNF704,1.3866084808308732,-0.9341105747713342,-0.45249790605953766,-0.415483670055746,-0.9629545346332599,1.378438204689006,0.9925100452026508,-1.3687186938386289,0.3762086486359791
COL22A1,-0.9893144942534531,-0.38052423325035833,1.3698387275038113,-0.7065456119585592,-0.7076678020033624,1.414213413961922,1.2181642828854513,0.013056777872430843,-1.231221060757882
KCNH5,-0.2301368152159497,-1.093351132415974,1.3234879476319261,-1.3550547593319358,1.0280554804066966,0.32699927892523917,-1.199757626269834,1.2482893533449988,-0.04853172707516357
EMP3,-1.3835247104461923,0.9455231317205308,0.4380015787256711,-0.7077787871829402,-0.7064345622401355,1.4142133494230757,-1.0078292216356337,-0.3552769830731992,1.3631062047088327
RNF220,-1.4123854313533262,0.7684465908625445,0.6439388404907818,-1.3930325103194585,0.48534021746889533,0.9076922928505634,-1.2491588035144496,0.05038282156733734,1.1987759819471118
TENT5A,1.1880709422345685,-1.2583889742791163,0.07031803204454785,-0.6067891364225648,-0.8028853276286756,1.4096744640512404,0.8469785015152832,0.5573117298078313,-1.4042902313231151
CITED2,-0.3429078784418568,-1.016742441928617,1.359650320370476,-0.868446751894106,-0.5323945316790332,1.400841283573139,-1.2321590062268497,1.2171935834097913,0.014965422817058224
FRRS1L,-1.1776644916432266,-0.08927523743013825,1.2669397290733655,-0.6417661845854359,-0.7704931596213455,1.4122593442067812,-1.4138957450656557,0.6809841177210539,0.7329116273446016
TRIM26,0.2201725485986469,-1.319897431725425,1.099724883126777,-0.5120472589440482,-0.8856224205171638,1.397669679461212,-1.2947588016279465,0.15473375310639195,1.140025048521555
RHEBL1,0.6500571694126923,-1.4127184565776296,0.7626612871649369,-0.7556859078324814,-0.657388472638976,1.4130743804714574,-0.7813643857105245,-0.6301519134310672,1.411516299141593
FOXP2,1.0202284660509784,-1.3582595081962294,0.33803104214525204,-0.2685804434043566,-1.068164937156371,1.3367453805607281,0.7306377670811816,0.6833118140770063,-1.4139495811581881
RXRG,-0.5337535311536561,-0.8672882911877293,1.4010418223413859,-0.7049036807924219,-0.7093075959188009,1.4142112767112227,-0.35501091992169825,-1.008022032361561,1.3630329522832594
COL15A1,-1.2177067481260777,-0.013956955552776165,1.2316637036788538,-1.1085977019476347,-0.20613415161570567,1.3147318535633403,-1.2743993681485941,0.10622916902958367,1.1681701991190103
AGBL1,-1.0876067064896757,-0.2390336278687329,1.3266403343584092,-1.2749678198655543,0.10753788085957396,1.1674299390059804,1.4027609162831545,-0.8569322463387351,-0.5458286699444197
NPTX1,-0.6372776748971323,-0.7747082592267206,1.4119859341238528,-0.7143248916081361,-0.6998640259182669,1.414188917526403,1.3412077102624476,-1.0590255440846372,-0.28218216617780856
ZNF385D,-1.0829918607253872,-0.24612483637845894,1.3291166971038473,-1.2177515020112502,-0.013868947496102787,1.2316204495073528,-1.083697514692331,1.3287412356983532,-0.24504372100602217
CXCL6,0.06223946398090573,1.192438475387736,-1.2546779393686418,-0.7299461870827348,-0.6840187667571446,1.413964953839879,0.7113571685903709,-1.4142050289442163,0.7028478603538453
RANBP3L,-0.7295006429560768,-0.6844739676732394,1.4139746106293156,-0.6742173993258433,-0.739493907539347,1.4137113068651903,-0.8390753832852159,-0.5663448449070442,1.40542022819226
MGAT5,-0.8158246728719095,-0.5924988676946669,1.408323540566577,-0.803461305154439,-0.6061569643422682,1.4096182694967072,-1.0222430449860975,1.3574455548430486,-0.3352025098569513
BAIAP2L2,-1.0566686102983416,-0.28566114078872173,1.3423297510870633,-0.7855010816431569,-0.6256997711981457,1.4112008528413023,-1.188509314860789,-0.06951051668380548,1.258019831544594
C12orf40,1.3066190831146178,-0.18473731795614817,-1.1218817651584698,-0.6440494676086067,-0.7683422743424045,1.4123917419510112,-1.3887322506380932,0.46292055498285967,0.9258116956552328
HTATIP2,-0.5690225953032093,-0.8367201523736789,1.4057427476768884,-0.7976437863609693,-0.6125253728759388,1.4101691592369083,-1.3254641066418382,0.2356973047311638,1.089766801910674
AMMECR1,-0.5457692277984685,-0.856983503400832,1.4027527311993013,-0.9131237528554523,-0.4786673783426653,1.391791131198117,1.2008051507057802,0.04655201542520022,-1.2473571661309846
CXXC4,0.7580806503613605,-1.4129577762669716,0.6548771259056093,-0.4404879526196558,-0.9435763589213915,1.3840643115410474,1.1163446614490953,-1.310057260511399,0.19371259906230526
GPRIN3,1.2151739382330429,0.018922587777383156,-1.234096526010427,-0.7618959809534542,-0.6508639524931294,1.4127599334465837,-0.7772562833273949,-0.6345553719452073,1.4118116552726019
THRB,-1.050917688915996,-0.29410140856956274,1.3450190974855567,-0.982899084024508,-0.3891366507978754,1.3720357348223828,-0.6240093658267579,-0.7870673045016245,1.4110766703283826
TTC26,1.107946331198714,0.2071714956756732,-1.3151178268743882,-0.7117717540228019,-0.7024315269990776,1.4142032810218792,-1.0480711348726064,-0.29825402400039625,1.3463251588730036
GRB10,-0.6455444574825827,-0.7669315223122408,1.4124759797948234,-0.7960010140642751,-0.6143170267518447,1.41031804081612,-1.188269753016397,1.258221652125484,-0.0699518991090883
PRDM6,0.06775495255306183,-1.2572159207813205,1.1894609682282593,-0.6444111069914144,-0.7680011901495404,1.412412297140955,-0.033456147319357414,1.241130178629655,-1.2076740313102978
MFSD14A,0.7096992002331235,0.7045111901203397,-1.4142103903534606,-0.6481328453424923,-0.764484385096211,1.4126172304387035,-1.412954505816906,0.6548083708925093,0.7581461349243968
PHOX2A,-0.9261213823620832,-0.4625333822922102,1.3886547646542937,-0.6983204838364729,-0.7158568360625798,1.4141773198990524,-0.5616458869887089,-0.843194593389079,1.4048404803777872
AGL,-0.0017100378914011241,-1.2238889570867628,1.2255989949781638,-0.7471129665924344,-0.6663313286152837,1.413444295207718,-0.9263881586855901,1.388587906091893,-0.46219974740630665
KCNK9,-0.552576893210014,-0.8510952870091417,1.403672180219155,-1.3218173501605806,0.22547880746571575,1.0963385426948646,-0.6437817627017172,1.4123764527865843,-0.768594690084868
ZFP36L2,1.372080889851939,-0.9827651047999554,-0.38931578505198544,-0.5568831629618516,-0.8473518529941574,1.4042350159560086,-1.053935425995475,-0.2896809803666751,1.34361640636215
CDHR3,-0.6450919837835498,1.4124506892592343,-0.7673587054756844,-0.7901438922029572,-0.6206812090552117,1.4108251012581687,0.3700251212024291,-1.3670916853891226,0.9970665641866922
JUP,-0.31160450353028574,-1.0388428733807036,1.3504473769109877,-0.5476283816033259,-0.8553790463136199,1.403007427916946,-1.4117564929235487,0.6337138264464158,0.7780426664771309
PDZD2,1.3714275244165497,-0.9846952147342146,-0.38673230968233363,-0.6785878244254601,-0.7352473496316629,1.4138351740571233,-0.8229580470640767,-0.5845405744575605,1.4074986215216365
STMN2,-0.7107773690426793,-0.703429830967776,1.4142072000104557,-0.721354534042054,-0.6927626824600661,1.4141172165021203,-0.26738436964908313,-1.0689628775896662,1.3363472472387492
APOL6,-0.7036381245178804,-0.7105697753583043,1.4142078998761847,-0.7085666753170028,-0.7056458816635516,1.4142125569805546,-1.221187436751104,-0.007084137177772096,1.2282715739288748
ANKS1A,-0.8172294452918749,1.4081656344613154,-0.5909361891694359,-0.6859967079991013,-0.7280088296648713,1.4140055376639726,-0.9682100335422636,1.3768126946876302,-0.40860266114536614
BCL6,1.4135519682636557,-0.6693176771297672,-0.7442342911338861,-1.3553495126377098,0.3280023754470707,1.027347137190639,0.2264263469279821,1.0957319584847822,-1.3221583054127644
RPRM,-0.7472270294966536,-0.6662128288265055,1.413439858323159,-0.9472895370119544,-0.43574068321444565,1.3830302202264004,-1.401099418399243,0.866953780126321,0.5341456382729206
MREG,-0.9401559878362412,-0.4448427889378303,1.3849987767740715,-0.7148657254427451,-0.6993193532405404,1.4141850786832855,-0.5308573274852324,1.4006127340111467,-0.8697554065259137
PLEKHA4,1.2360105943307211,-1.2131593595951344,-0.02285123473558738,-0.5626930743071864,-0.8422781235294328,1.4049711978366193,1.4141921581738819,-0.7003577692377911,-0.7138343889360911
SCN3A,0.3539639966762916,1.008780253039722,-1.3627442497160136,-0.6173656189138973,-0.7931995660429483,1.410565184956845,-0.6859554111811131,-0.7280493157322075,1.4140047269133207
MCAM,-0.185570928913984,-1.1213696215005229,1.3069405504145075,-0.6950281721863493,-0.7191170028501758,1.4141451750365246,-0.7505120497552176,-0.6627944302444752,1.4133064799996933
FZD6,1.0624335330312413,-1.3395646130013188,0.2771310799700776,-0.6627137300455698,-0.7505894756091409,1.4133032056547108,-0.6290169858391944,1.4114374895480624,-0.782420503708868
SIX1,-0.17896356476616207,-1.1254169919453152,1.3043805567114783,-0.7625024939004201,-0.6502246180591121,1.4127271119595326,-1.3842189991039973,0.44120449384337124,0.9430145052606257
SYNDIG1,1.4142076602986122,-0.7035654456953672,-0.7106422146032451,-0.6965504275459766,-0.7176108619471787,1.4141612894931554,-1.2971320475615142,0.16062510687415762,1.1365069406873585
OLFML3,-1.4141952630584567,0.7008671855365946,0.7133280775218617,-1.3215080001968533,1.096887527887549,0.224620472309304,-1.288470258814947,1.1490948070526656,0.1393754517622819
IP6K3,-1.3555888724333676,0.3288186394898566,1.0267702329435107,-0.8518139427562774,-0.5517482619196246,1.4035622046759022,-0.7435896226314753,-0.6699853261586168,1.4135749487900922
SEL1L3,-0.12611546832187107,-1.1568074905616421,1.282922958883514,-0.5732952661885744,-0.8329502426291037,1.4062455088176777,-0.16236905686595993,1.2978304165324486,-1.135461359666488
JAKMIP3,-0.7292861302226886,-0.6846930608266752,1.4139791910493642,-0.709275256977948,-0.7049360864450787,1.4142113434230268,-0.8732951147790392,-0.5266886932920886,1.399983808071128
CD82,0.6771476464442813,-1.413796264713309,0.7366486182690262,-0.6778035895737472,-0.7360106297718471,1.4138142193455943,-0.8205204815511635,-0.587266502984346,1.4077869845355098
ZBTB32,0.3256447782152231,-1.3546556865178945,1.0290109083026724,-0.628449625148163,-0.7829480550672714,1.4113976802154344,1.2301987384468178,-1.21921715404926,-0.01098158439755886
DOCK11,1.4134689345969726,-0.6669955921637493,-0.7464733424332234,-0.5869443868239078,-0.820808837155259,1.4077532239791668,-0.8693141874013103,-0.5313758419113247,1.400690029312635
DAPK2,0.8314981389481527,-1.406434758123265,0.5749366191751153,-0.672361363518783,-0.7412921242247653,1.413653487743548,-1.389676994028479,0.46768570878354865,0.9219912852449312
PTGER3,-0.9575675434988957,-0.4224921569916438,1.3800597004905402,-0.7054987109235547,-0.7087136333719843,1.4142123442955388,-0.7192348724140398,1.4141438221868448,-0.694908949772804
SPAG9,0.7063412129292835,-1.4142132861850154,0.7078720732557319,-0.6524289124334701,-0.7604098512905376,1.4128387637240076,-0.8285726362167855,-0.5782359939252325,1.4068086301420193
RCN1,-1.3686623896634598,0.9926693976878287,0.37599299197563535,-0.9031674686656606,-0.49086859478416367,1.3940360634498243,-0.69043061317439,-0.7236528687710796,1.4140834819454693
TPM2,1.3376576175101498,-1.0663260713089218,-0.2713315462012288,-0.850207789098594,-0.5535993477652774,1.4038071368638714,0.9274207496569994,0.4609074190892013,-1.388328168746201
KCNQ4,-0.8108441509243536,-0.5980214068445364,1.40886555776889,-0.7926440809383535,-0.6179691015186874,1.4106131824570403,-1.3380185720320967,0.27242420602325423,1.0655943660088434
IGSF10,-1.2335542648164584,0.017813104427545995,1.2157411603889128,-0.5889709244277243,-0.818993292695303,1.4079642171230267,-1.2114474377532989,-0.026175267647878347,1.2376227054011772
SPRY2,0.8210341276335712,-1.4077267814518153,0.5866926538182441,-0.30769837378826304,-1.041555047277742,1.3492534210660054,-1.3714823489597112,0.3869483953352321,0.9845339536244762
GAP43,-0.853142239333506,-0.5502150593912627,1.4033572987247687,-0.8890952020536635,-0.5078873265476808,1.396982528601344,0.5600862494142882,-1.4046441850448879,0.8445579356305982
CD24,1.4064198373878933,-0.5748065279623978,-0.8316133094254954,-1.1357624376297104,-0.16186720629619822,1.2976296439259092,-1.3884294329465166,0.9270188880335234,0.4614105449129923
GCA,-0.6521810160657181,-0.7606454036368598,1.4128264197025786,-0.8997108138198471,-0.4950733409974105,1.3947841548172573,-1.1192225437606351,-0.18905799632392778,1.3082805400845625
LINC02106,-0.7774352839365086,-0.6343638721194164,1.4117991560559247,-0.7015861847322198,-0.7126130478478092,1.414199232580029,-1.271907510715569,0.10052078743463357,1.171386723280935
CHRDL1,1.3739099778880235,-0.977262635234632,-0.3966473426533866,-0.34011490324884497,-1.0187408447408697,1.358855747989715,0.9637142990493981,-1.3782058887751067,0.4144915897257086
NUDT6,1.1404789375302564,0.15397102880266694,-1.294449966332923,-0.7187716927377534,-0.6953773689022933,1.4141490616400478,-0.716518713383344,-0.6976529029343862,1.41417161631773
TPPP3,0.29763703911691514,-1.3461318222112282,1.048494783094315,-0.5033483093776215,-0.8928695795498672,1.3962178889274885,-1.0059786118478407,-0.3578273263378662,1.3638059381857028
ESRRG,1.083620621562656,-1.3287822044300928,0.2451615828674344,-0.8230147116529628,-0.5844771261319941,1.407491837784957,-1.2777398398766147,1.1637848427534834,0.11395499712313317
NRXN1,-1.3381198021619143,0.2727310650159801,1.0653887371459343,-1.3223710438117247,0.22701836876525683,1.0953526750464675,-0.6707323280394933,1.4136001868979162,-0.7428678588584228
CALD1,-1.2984117902533965,1.1345873092725511,0.16382448098084354,-1.041196829449475,-0.3082151178374862,1.3494119472869601,-0.28534631512337766,1.3422285378314514,-1.0568822227080719
PRSS23,-0.04932562476048256,-1.199336875959789,1.2486625007202716,-0.3589435960700946,-1.0051672276306625,1.3641108237007566,-1.3021882742906268,1.1288276127622094,0.17336066152841773
CEACAM1,-1.2937292021912183,0.15219444478106484,1.1415347574101529,-0.5872292178271606,-0.8205538632204931,1.407783081047654,-1.4071210743079348,0.5810545712630653,0.8260665030448695
SRPK2,-0.19639241488764989,-1.1146815747465086,1.3110739896341628,-0.4565070539458387,-0.9309276419015874,1.3874346958474264,-1.210250768081689,1.2387418364537068,-0.028491068372015742
TNNT1,-0.9287591132119255,-0.4592301457138793,1.3879892589258056,-0.7988483368123976,-0.6112097915808231,1.4100581283932208,0.36232375645070275,-1.365028898474496,1.0027051420237933
FOXC1,-0.5007704111795439,-0.8950063198133542,1.3957767309929,-1.4105032753645041,0.7939104366787675,0.6165928386857362,1.374091255352556,-0.397382173866997,-0.9767090814855653
PARP12,-0.6033566683064882,-0.8060086920899863,1.4093653603964744,-0.6690212365605852,-0.7445204001678375,1.413541636728423,-0.9621851581013184,-0.4164873846000202,1.3786725427013389
SEZ6L2,-1.4053360124322383,0.8396826737550067,0.5656533386772323,-1.1945388329079292,-0.058327816995218114,1.2528666499031471,-1.022991901455343,1.3571410755688107,-0.334149174113468
LUZP2,-0.9325372603386655,1.3870187013395907,-0.4544814410009403,-1.3891778130040024,0.9240202750919612,0.4651575379120416,0.8510600000346208,0.5526175641343384,-1.4036775641689587
AGPAT5,-0.37659954409062224,-0.9922211246537055,1.368820668744329,-0.9749577533099347,-0.3997037620647228,1.3746615153746582,-0.779482268800581,1.411653823659566,-0.6321715548589848
LINC02231,-1.2153126551300397,-0.018651394493857627,1.233964049623897,-1.4123763913563976,0.7685957020721398,0.6437806892842584,-0.9857567729858242,-0.3853087737323045,1.371065546718129
AEBP2,0.17686643879761244,1.1266958672089844,-1.3035623060066002,-0.682858867834575,-0.731080624294179,1.4139394921287531,-1.400479165029842,0.8705145989970459,0.5299645660327955
PNP,-0.3192136923279826,-1.033530599385661,1.3527442917136456,-1.38346849422863,0.43774370770865884,0.9457247865199705,-0.755587057906523,-0.6574920106169206,1.4130790685234438
COL8A1,-0.504532142368256,-0.8918866668661609,1.396418809234417,-0.6459974111374639,-0.7665037077387242,1.4125011188761882,1.405407552116722,-0.839166992127608,-0.5662405599891139
XBP1,1.3550594979057833,-1.0280441107863199,-0.327015387119461,-0.9668495842237887,-0.4103880580501043,1.3772376422738926,-1.3820425672580423,0.9507687700751838,0.43127379718285863
OTUD1,1.0390654834216073,-1.350349924291524,0.31128444086991647,-0.6835582675983719,-0.7303967244901314,1.4139549920885033,0.009898657106507761,-1.2296641984068926,1.2197655413003852
C5orf30,1.2816785624706144,-1.158502344315382,-0.12317621815522539,-0.7052531488092221,-0.7089587952529626,1.4142119440621852,1.4007946137905356,-0.8687149752535486,-0.532079638536987
SRGAP2,-1.3970546948427025,0.5083205265303191,0.8887341683123825,-0.5471174265012462,-0.8558202715078107,1.4029376980090567,-1.1556413596037516,-0.12813242485869167,1.2837737844624437
CLMN,0.7172958650453801,-1.4141643850195713,0.6968685199741899,-0.3996264178011411,-0.9750161594106622,1.3746425772118038,-1.2896653198147245,0.1422667217953691,1.1473985980193555
TNIP1,0.3001760932922273,-1.346925853018331,1.0467497597261042,-0.8742971058453529,-0.5255058128975955,1.3998029187429482,-0.7185138067876589,-0.6956380828923083,1.414151889679967
PIK3R1,1.101585092835997,-1.3188307697058312,0.21724567686983437,-0.18843792654185582,-1.1196048958126108,1.3080428223544667,-0.5676729901775118,-0.8379079197255954,1.4055809099031076
EYA1,0.9183404958431022,-1.390560633458671,0.472220137615566,-0.74356060847041,-0.6700153648613484,1.4135759733317583,0.34019399146526264,-1.3588783196640764,1.0186843281988138
SOX2,-0.6679675285055405,-0.7455367476628921,1.4135042761684298,-1.224975378926915,0.00046114529470496805,1.2245142336322097,-0.5957829956633327,1.4086488820334646,-0.8128658863701294
KCNH7,-1.4093101727055486,0.8065551738478042,0.6027549988577406,-0.5655442134032971,-0.8397784743478358,1.4053226877511327,-1.1269918950221474,1.3033722556976461,-0.17638036067549911
FXYD5,-1.3837885956456812,0.944573624085823,0.4392149715598582,-1.4126861068529788,0.6494354737166536,0.7632506331363246,-0.8482865351514761,-0.5558095199148263,1.4040960550663026
RIPOR2,0.4104725951115852,0.9667851128701306,-1.3772577079817159,-1.3342947039071744,0.2612616139139904,1.073033089993185,0.07142900907888879,1.1874671755459414,-1.2588961846248294
SMARCA5,-0.3805751479245124,-0.9892767174549928,1.369851865379505,-1.0329082459394243,-0.3201015635226784,1.3530098094621037,-0.4995534785795277,-0.8960132683160458,1.3955667468955726
SHISA9,-0.9256600593575202,-0.4631100822521757,1.388770141609696,-0.711028680707204,-0.7031776173984295,1.414206298105634,-0.6688342336629024,-0.744700845168264,1.4135350788311662
CRTAP,-1.224890828229557,1.2245988623524997,0.0002919658770667541,-1.279580615719391,0.11824923957610618,1.1613313761432855,-0.781688242168724,1.4114922578295266,-0.6298040156608055
FRMPD4,1.3872700239021776,-0.931566536946913,-0.4557034869552645,-0.5219227107900162,-0.877325740627433,1.3992484514174484,-0.893435391614665,-0.5026662627456664,1.3961016543603317
GYPC,-1.071204770319559,1.3352212037436508,-0.2640164334240887,-1.3097921257048646,0.19301573140157924,1.1167763943032847,-0.528773134918406,1.4002999571335306,-0.8715268222151246
TSPAN33,1.3531332034399741,-0.32051477921208077,-1.0326184242278968,-0.9726853532391965,-0.40270872948437664,1.375394082723573,-1.2392481693177395,1.2097071136742565,0.029541055643483454
NTM,-0.4027360924148318,-0.9726646321707565,1.3754007245855875,-0.9963948383929196,-0.37093893058875094,1.3673337689816711,-1.4117477842072932,0.633581808585822,0.7781659756214718
PDE9A,1.053462567180081,-1.343837436218183,0.29037486903810034,-0.525043353554177,-0.8746885534206691,1.3997319069748466,0.08512034499750495,1.1799642220024893,-1.265084566999995
ANXA1,-0.9243720031109816,-0.4647186860464455,1.3890906891574275,-0.5430219277906012,-0.8593495002884706,1.4023714280790718,-0.6060059872270521,-0.803598812631035,1.409604799858087
ZNF385C,-0.9884178504424986,-0.3817320629137809,1.3701499133562791,-1.0471643835112152,-0.2995733618484375,1.3467377453596532,-0.913612870146842,-0.47806448790287165,1.391677358049708
LINC02428,-0.5108300608793122,1.3974699707453002,-0.8866399098659884,-1.412791252206383,0.6514806166172582,0.7613106355891248,-0.7039975809705956,1.414209011906021,-0.7102114309354256
SNHG8,-1.361930173493703,0.3510262259020596,1.0109039475916435,-1.333926174704128,1.0737563030396038,0.2601698716645255,-0.8524781523923488,-0.5509818557175336,1.4034600081098823
LRP2,-0.3241161863915486,1.3542038574751476,-1.0300876710835971,-1.3733845112891852,0.3945257994706786,0.9788587118185071,1.3529793581416634,-0.3199996478891357,-1.0329797102525304
HYOU1,1.2812038996243722,-1.1591455118110567,-0.1220583878133138,-1.3997607589844197,0.5252311218198057,0.8745296371646133,-1.0828203873150473,-0.24638737336789507,1.3292077606829418
RBMS3,0.3325015781005407,1.0241617551630746,-1.3566633332636142,-0.6131805102929874,-0.7970434007138304,1.4102239110068173,0.943266019233752,0.44088379171841047,-1.384149810952163
AGTRAP,-0.2521933469780972,-1.0790169671295409,1.3312103141076366,-1.133775997505581,-0.16517346766254357,1.2989494651681242,-1.1906703538188452,-0.06551887763112242,1.2561892314499692
FHL3,-1.076389596337333,-0.2561848828860313,1.3325744792233651,-0.9388221239996941,-0.44653640626267643,1.3853585302623712,-0.8196179545742978,-0.5882740885969406,1.407892043171238
TUBGCP2,-0.27464727929308713,-1.064103284466063,1.3387505637591501,-0.8905829260744388,-0.5061004324708923,1.396683358545331,-0.7278686924851286,-0.686139639186554,1.4140083316716825
SYN3,-1.2906146176397495,1.1460422003053319,0.14457241733441806,-1.292147833915351,1.1438343829258963,0.14831345098945423,0.8649011543317437,0.536548646222212,-1.401449800553958
ABLIM2,1.4140927480561651,-0.7230549630108932,-0.6910377850452742,-0.4147168871136254,-0.9635418201962911,1.378258707309917,0.8590736857231446,-1.4024162299767164,0.5433425442535719
TIMP1,1.1506394406078786,0.1367348129224076,-1.2873742535302863,-0.9174574567561391,-0.4733141146725698,1.3907715714287083,0.48832398583419573,0.9052529728999714,-1.3935769587341662
HEG1,-0.965744774933414,-0.4118358176295728,1.377580592562987,-1.188402109131825,-0.06970806591540125,1.2581101750472266,-1.1964730311248282,1.2511830787230027,-0.05471004759817275
ATP1A2,-1.3950646795782435,0.49666943917046613,0.8983952404077767,-1.2426213031373357,0.036572058057044166,1.206049245080292,-1.2908027292758542,1.1457724624948122,0.1450302667810411
SDF2L1,1.33155250513593,-1.0783607221613711,-0.2531917829745565,-1.2442409480767642,1.2042702377133114,0.03997071036345308,-0.3202868205022496,-1.0327783241721453,1.3530651446743924
ENOX2,0.9170414672910807,-1.3908705663003582,0.4738290990092765,-0.8250347187524849,-0.582212897849181,1.4072476166016652,-1.3577582394104002,0.3362869095122697,1.0214713298981315
CADM1,0.12636255774553723,-1.2830273257163882,1.1566647679708493,-0.4151472261063804,-0.9632122706557538,1.3783594967621344,0.23302199273450303,1.0914937897062684,-1.3245157824407714
FERMT1,-1.264794628572485,1.180321497591417,0.08447313098106843,-1.327424788386729,1.0861547848010493,0.24127000358568,-1.406362968750884,0.8320511863796367,0.5743117823712475
CDKN2C,-0.35363820607675045,-1.0090160517795759,1.3626542578563257,-0.4156702654031701,-0.9628115573141274,1.3784818227172975,-0.729958283673775,-0.6840064052856779,1.4139646889594524
ABCG2,-1.4141574146500755,0.7179922284186686,0.6961651862314069,-0.9069748440961779,-0.48621863525522263,1.393193479351401,-1.4121068983631515,0.7728784497158053,0.6392284486473463
NBEAL1,1.251715251451273,-1.195863500224494,-0.055851751226778996,-0.54824872997561,-0.8548430825323164,1.4030918125079264,1.3510608623295042,-0.31362449074501714,-1.0374363715844868
GABRQ,-1.1636417452928292,-0.11420600647456707,1.2778477517673963,-0.7488437612902262,-0.6645318073903691,1.413375568680595,-0.7768693274644325,1.4118385605558117,-0.6349692330913789
TESK2,1.0286778110588715,-1.3547950143039194,0.3261172032450485,-0.6999477947605669,-0.7142416886065807,1.4141894833671473,-0.46106869994904276,1.3883606497472785,-0.9272919497982357
PODXL,0.08043677206507166,-1.2629806050574832,1.1825438329924116,-1.328373971789983,0.24398829086705595,1.0843856809229264,-1.4004051902830392,0.5294718794772153,0.8709333108058217
CST3,-0.2338704967212215,-1.0909465517641064,1.3248170484853279,-0.9994866870450481,-0.36672637424883997,1.366213061293887,-0.7197899175307152,-0.6943473549205642,1.414137272451279
PRMT3,0.012240027047000881,-1.2308190117689528,1.2185789847219533,-0.9881362286145927,-0.3821111454760518,1.3702473740906451,-1.3397399304095743,0.27766760780543176,1.0620723226041424
PEG13,1.2008134050110657,-1.2473498025995813,0.046536397588515924,-1.1640017940260607,-0.11357430929329332,1.2775761033193536,1.2193391628305734,0.01074077028004508,-1.23007993311062
B3GNT2,-0.30632924422880425,-1.0425033065337086,1.348832550762508,-1.3223470553136782,0.22695158097814694,1.0953954743355312,-1.1300204605365407,1.3014138689587567,-0.17139340842221562
RNF125,-1.2199847334196792,-0.009465410436585046,1.2294501438562613,-1.4141344852871514,0.7200188117080781,0.6941156735790729,-1.3849835930360999,0.4447715202675755,0.9402120727685244
RAB32,1.3109446313455742,-0.19605079880655768,-1.1148938325390125,-1.0376987665034436,-0.3132479382785929,1.3509467047820365,-1.1955960185289034,1.2519483133677027,-0.05635229483879932
PPP1R1A,-0.5019689207750976,-0.8940135317206963,1.3959824524957938,-0.7417632581715748,-0.6718745512459414,1.4136378094175162,-1.3385901720380922,0.27415933277433185,1.0644308392637656
MAOB,-0.7395447515871018,-0.6741649644237537,1.4137097160108543,-0.8789714538045165,-0.519970831545065,1.3989422853495812,-0.8972578023215602,1.3953053649697271,-0.49804756264816763
NR6A1,-0.6022348624297361,-0.807027359801034,1.4092622222307702,-1.270937851878427,0.0983118423063283,1.1726260095720993,-1.4067609201446512,0.8289503018550188,0.5778106182896329
MAATS1,-0.9984887877067744,-0.36808778335318454,1.3665765710599589,-0.47740249782836336,-0.914149626654914,1.3915521244832767,1.4006274947077382,-0.8696712561969783,-0.5309562385107599
ERC2,0.10975900983991557,1.1661711573456262,-1.2759301671855416,-0.6451354215352487,-0.767317703351861,1.4124531248871102,0.33771594395919247,1.0204531546381674,-1.3581690985973593
TYSND1,-0.7123060304146328,-0.7018947574741494,1.4142007878887826,-0.620111279682055,-0.7906698030412169,1.4107810827232719,-1.1165102642474258,-0.1934453550203405,1.3099556192677666
STK17B,-0.42763260715272533,-0.9535944060604911,1.3812270132132163,-1.4139745535951163,0.6844712527453714,0.7295033008497452,-1.29588207491586,1.1383666036082118,0.1575154713076476
CAST,-1.1951027145009612,-0.05727467028990738,1.252377384790869,-1.254676784984349,0.06223696450247025,1.192439820481879,1.3166872387463264,-0.21140846021478035,-1.1052787785315472
RELB,0.9060099659226393,-1.3934088622794794,0.48739889635683925,-0.8844199358856223,-0.5134840378749786,1.397903973760601,1.4142102088598714,-0.7097722878485462,-0.7044379210113267
SH3KBP1,-1.2093620222064823,-0.030206872253724898,1.239568894460205,-1.38900046900847,0.4642649791225098,0.9247354898859595,-0.5073490892267577,1.3968926673902988,-0.889543578163541
RIPK2,-0.2382722772860718,1.3263725452377348,-1.088100267951664,-1.0943663587206292,-0.22855627733594877,1.3229226360565773,1.3286497197353586,-0.24478053362149782,-1.083869186113863
SPATC1L,-0.3060395146207538,-1.042703815100078,1.3487433297208316,-0.7356347252521436,-0.6781898855574204,1.4138246108095642,1.249848637456456,-0.05185470028193692,-1.1979939371745216
RBMS1,1.4137299971694146,-0.674839675361954,-0.7388903218074654,-1.189023986163724,-0.06856150981619373,1.2575854959799166,-0.2624636455738553,1.334699573108498,-1.0722359275346425
EMB,-0.7231925727638457,-0.6908980732345101,1.414090645998357,-1.01283076068218,-0.34835382105889473,1.3611845817410746,-1.3903593131959098,0.4711802477660393,0.9191790654298713
PDE3A,0.13046869929343166,-1.2847561571099972,1.1542874578165667,0.05272667698966482,-1.2502566848082362,1.1975300078185707,-0.6649523628200813,1.4133918887549723,-0.7484395259348903
PPA1,0.28192671140238634,-1.341125010249603,1.0591982988472166,-1.3733077320479186,0.394216856014879,0.9790908760330403,0.07791235177410354,-1.2618409820240684,1.1839286302499668
ZCCHC12,0.8925995530780159,-1.396273212159022,0.50367365908101,-0.6474828973122271,-0.7650994135758853,1.4125823108881126,-1.3275709169618004,0.24168760806241862,1.0858833088993822
RAB3B,-1.3968351280910696,0.5070051331584475,0.889829994932622,-1.398481751781975,0.5170689997695241,0.8814127520124512,-1.120923921248885,1.3072197339880798,-0.18629581273919466
ZNRF2,1.3963026623916033,-0.8924556189729572,-0.5038470434186508,-0.849703258318731,-0.554180178087927,1.4038834364066575,1.285918709540251,-0.13324393971898896,-1.1526747698212618
ARID3B,-0.44108968942139565,-0.9431045502595409,1.3841942396809366,-1.0295642104983243,-0.32485957567533946,1.354423786173663,0.013706361495666721,1.217834167819511,-1.2315405293151784
ITPR1,1.2696975602062472,-0.09549631723239202,-1.1742012429738586,-1.2795150841129208,0.11809590637138517,1.1614191777415366,-0.3654876541365799,1.3658812159649918,-1.0003935618284112
PALM2-AKAP2,0.5567295193894977,-1.404215185675149,0.8474856662856579,-1.1501546510452718,-0.13756438600511214,1.287719037050383,-1.2229206645977784,-0.0036402985533293478,1.2265609631511067
TMEM135,-0.8498919330351314,-0.5539630060745506,1.4038549391096842,-0.5273174668051673,-0.8727620587785684,1.4000795255837348,-0.7550201015085971,1.4131057656635777,-0.6580856641549809
MYO5C,-0.11647810879724549,-1.162344673834825,1.2788227826320704,-0.5832652429106742,-0.8240963968592642,1.4073616397699387,0.753302825617539,0.6598818185386259,-1.4131846441561655
LITAF,-0.9475183900114854,-0.435447423669315,1.3829658136808005,-1.4138818904542128,0.733464517464198,0.6804173729900147,-1.207395802632106,1.2413863298136847,-0.03399052718157681
LGALS1,-1.0762878328133552,-0.25633917070307843,1.3326270035164338,-0.8420378519786483,-0.5629674519023555,1.4050053038810042,-1.1961241011219719,1.251487907897812,-0.05536380677583904
TMEM165,0.08313805078834717,1.1810576749454442,-1.2641957257337868,-0.6890508055448431,-0.7250103565799723,1.414061162124816,-0.9491877628932966,-0.43330586141057653,1.3824936243038728
NFIA,-1.389583701654597,0.9223722807239199,0.46721142093067713,-1.3930576729303483,0.9075803465697269,0.48547732636062196,1.3778698724124043,-0.413061847588152,-0.9648080248242586
ITGB5,-0.7011414928599912,-0.7130553416491463,1.4141968345091438,-1.1809817339295319,-0.08327586425131155,1.2642575981808428,-0.6432836630768596,1.4123478398714786,-0.7690641767946194
PPIB,0.48875893106074536,-1.3936557728130337,0.9048968417522868,-1.4045184457244153,0.8454232955721748,0.5590951501522403,0.39521329411911954,0.9783418378298235,-1.3735551319489427
COLGALT2,1.31573562908775,-0.20883572686884413,-1.1068999022189063,-0.5415476864837633,-0.860616707119956,1.40216439360372,-1.387385194425008,0.9311199370824358,0.45626525734257145
SATB2,1.001431652540133,0.36406795246774815,-1.3654996050078811,-0.6213510015035049,-0.7895254807502377,1.4108764822537432,-1.1300303602071737,1.30140742528107,-0.17137706507389425
HOXB1,-1.3969526089984798,0.5077079733767598,0.8892446356217191,-1.3720606389547747,0.38923543698568813,0.9828252019690867,-1.3314240578409788,1.0786072742935697,0.252816783547409
ALDH1L2,-0.11036693479935158,-1.165826096353715,1.2761930311530678,-0.9662837615375919,-0.4111297609271554,1.377413522464747,0.9364997054091159,0.4494789886894987,-1.3859786940986158
RCOR1,1.2177365886127067,-1.2316348641906205,0.013898275577910646,-0.4579540742353258,-0.9297759777299572,1.3877300519652833,-1.1670613081247625,-0.10818888976198458,1.275250197886747
TPM1,1.1700214213262519,0.10294815818607568,-1.2729695795123277,-1.4068059055226887,0.8285942389591728,0.5782116665635146,-0.8677894282392801,1.4009552764305573,-0.5331658481912777
BCAS4,-0.3745828037658833,-0.99371062704934,1.3682934308152244,-1.3832726072471713,0.4368468404786024,0.9464257667685694,-1.3594476628301662,0.34219377494722236,1.0172538878829456
EGF,-1.3090218365966408,1.1180261537381795,0.19099568285846136,-0.7816816638047023,-0.6298110834701888,1.4114927472748908,0.6447406464431994,0.7676902824870946,-1.4124309289302932
APRT,-1.229920402777512,0.010417521238127088,1.2195028815393818,-1.3468864619606897,1.0468366480892455,0.30004981387144475,-1.200145500257919,-0.04779921535341932,1.247944715611339
NFKBIZ,-1.412817274539261,0.7608192205470857,0.6519980539921719,-1.079766357297899,-0.25105200215648066,1.33081835945438,-1.1567617056258774,1.2829564465558194,-0.12619474092994196
CXXC4-AS1,-1.3827839761813128,0.9481630075070884,0.4346209686742135,-0.22220460776341805,-1.098430181922839,1.3206347896862571,-1.279382398584558,0.11778554819811939,1.1615968503864376
MXRA8,-0.5865913365110259,-0.8211247878326076,1.4077161243436347,-0.6591354840315649,-0.7540167310493566,1.4131522150809221,0.039905400776698144,1.204304490418239,-1.2442098911949373
FYN,0.8739611430982398,-1.3998637110140384,0.5259025679157903,-0.3274356210342654,-1.027747436797462,1.3551830578317279,1.3992918678298443,-0.5222010087439103,-0.8770908590859378
LINC01470,1.2839338409941872,-0.12851252236378788,-1.1554213186303988,-0.4735991955851739,-0.9172272006206073,1.3908263962057812,0.5833160692951443,0.8240510548899055,-1.4073671241850494
BTN3A2,1.0297462960963621,0.32460104706258197,-1.3543473431589472,-0.9093360581971393,-0.4833250145573339,1.3926610727544737,-1.4134477212554353,0.7470246603513304,0.6664230609041054
ITM2C,0.7229532375029868,0.6911410527170987,-1.4140942902200866,-1.047972783227214,-0.2983972075730837,1.3463699908002975,-0.3063522741380759,-1.0424873662201695,1.3488396403582463
LIPA,-0.16559670788538902,-1.1335212166279436,1.2991179245133322,-0.18593441854496068,-1.1211461684646484,1.3070805870096094,-1.1687715427857404,1.2739362123184634,-0.10516466953272242
SLC35F3,1.0418983006695017,-1.3491012790505466,0.30720297838104316,-1.057910509239542,-0.2838294744631513,1.3417399837026933,1.407046894538869,-0.8266667679425176,-0.5803801265963514
TRAF3,-0.49408455077528823,-0.9005248653557134,1.3946094161310025,-1.369675881486447,0.37989370853716153,0.9897821729492843,-1.1029238942986144,-0.21513388021925012,1.3180577745178654
TIMP3,0.46484080687000773,-1.3891149474704334,0.9242741406004252,-1.4073328893203292,0.5829991169447909,0.8243337723755395,-1.012684140612974,-0.3485574112193953,1.3612415518323686
SCN3B,-0.8517435453009089,-0.5518294597199865,1.4035730050208954,-0.6698853642861691,-0.7436861692401844,1.4135715335263535,-0.8199675264081135,-0.5878839343025417,1.4078514607106547
YES1,-0.950146855349664,-0.4320735918053933,1.382220447155059,-1.2374974861287138,0.025916575525486457,1.2115809106032276,-1.0653962636522198,-0.27271983485138973,1.3381160985036094
FIRRE,-1.2633016576435043,0.08114951969853022,1.1821521379449735,-1.3396766318001894,1.0622028041713636,0.2774738276288261,-0.9682598639629693,1.3767970742460636,-0.40853721028309287
STK10,-1.2283278019429793,0.0071975854065716065,1.221130216536404,-0.7574456020832278,-0.6555436636151407,1.412989265698369,-1.0029557257351112,-0.3619802190109855,1.364935944746095
EPRS,1.3123682860568655,-1.1125470592630067,-0.19982122679385467,-1.2646227644074801,0.08408975931133003,1.1805330050961496,-0.9809172299224489,-0.39178343857677883,1.3727006684992273
CMIP,-0.23901151251094194,-1.0876210484611764,1.3266325609721192,-0.4150322972774539,-0.9633002947726428,1.3783325920500968,-0.848289650158544,-0.5558059400489692,1.4040955902075103
TAGLN2,-0.8893857657646024,-0.5075385594369937,1.396924325201596,-0.9131378254870444,-0.47865003688730845,1.3917878623743527,-0.008229595870227245,1.2288389323073643,-1.2206093364371375
HSPA5,1.166455912823695,-1.2757129400605765,0.10925702723688124,-1.3906325306787937,0.918040025776895,0.4725925049018996,-1.2233106727285408,-0.002863376525201798,1.2261740492537425
FAM124A,1.3728326487959441,-0.3923110901706052,-0.9805215586253383,-1.4051983060036959,0.5645292772024652,0.8406690288012313,-1.3804755427511128,0.9561615516200392,0.4243139911310727
MANF,1.192660819733932,-1.2544870225388205,0.06182620280488622,-1.3276165106829352,0.24181797059364235,1.0857985400892929,1.3966693895212843,-0.8906520426018673,-0.5060173469194174
DEPP1,-0.7896829622216103,-0.6211804745489522,1.410863436770562,-0.5799492063360482,-0.8270501004767256,1.4069993068127737,-0.5843588694158056,-0.8231203159427067,1.4074791853585118
VASH2,1.349271294592038,-1.0415146875701187,-0.3077566070219186,-1.1871816034590825,-0.07195399789422717,1.2591356013533093,-1.269351638559685,0.09471303050233652,1.1746386080573488
PDGFA,-0.9268895376941162,-0.4615724410927858,1.3884619787869004,-0.9485916201604678,-0.43407110566527235,1.3826627258257402,-0.6875865947042034,-0.7264489677857073,1.4140355624899106
PYCR1,0.8833780630679102,-1.3981054671245354,0.5147274040566251,-0.7441355324938201,-0.6694199830617911,1.4135555155556114,1.4096494503212607,-0.6065072780480971,-0.8031421722731632
LIMA1,0.2812459727265484,1.0596584502668296,-1.340904422993376,-1.100571954199069,-0.21884082013407727,1.319412774333145,1.3776069099902346,-0.4119471724939444,-0.9656597374962894
H1F0,-0.5651483389349339,-0.8401259312937799,1.4052742702287138,-1.0641208448307946,-0.27462112608899675,1.3387419709197912,-1.2425563338261838,1.2061202977068002,0.03643603611938511
IFI27L2,-0.09632627393750397,-1.1737374059200658,1.2700636798575697,-0.7973948711026708,-0.6127970353452512,1.4101919064479225,-1.1105847561925901,-0.20296293806342963,1.3135476942560198
BEX1,-0.6833481623120741,-0.7306022203626215,1.4139503826746957,-1.1930585152426465,-0.06108653781341149,1.254145053056058,-1.1625780723694603,-0.11606967297023442,1.2786477453396976
PRKAR1B,-0.7203769941912889,-0.6937530286447265,1.4141300228360167,-1.2785665916118234,1.1626862028580158,0.11588038875380689,-1.4084174284936832,0.5934375070834664,0.8149799214102162
SLC6A15,-0.9027711254637615,-0.49135152748557226,1.3941226529493338,-1.4131459677703422,0.6589929951208023,0.7541529726495394,0.9425780199686762,0.4417608283070597,-1.384338848275736
FILIP1,0.31344791729021576,1.037559425799229,-1.3510073430894445,-1.413619818558947,0.742295912619205,0.6713239059397421,-0.11572068972110343,1.2784981049998385,-1.1627774152787345
NREP,0.721951179168744,-1.4141089482681835,0.6921577690994388,-0.5251827250405078,-0.874570599994,1.3997533250345082,-0.4587136531171558,-0.9291708331599703,1.3878844862771254
MARVELD1,-0.3178836092558535,-1.0344619444129641,1.3523455536688178,-1.0979371942304836,-0.22297728061451766,1.3209144748450021,-1.133802201340472,-0.16512992748132077,1.2989321288217923
VANGL1,1.2299520971261813,-1.2194703653942593,-0.010481731731918902,-0.9421110859665724,-0.44235566029493323,1.3844667462615052,1.1028747921714634,-1.3180862039466483,0.2152114117751796
DMD,0.22646076834062412,1.0957099122471443,-1.322170680587771,0.4302987346615378,-1.3818250931481486,0.9515263584866107,-1.3483017139749394,0.3046080772322977,1.0436936367426422
F11R,-1.1269809013804395,-0.176398416601888,1.3033793179823283,-0.8880721480277916,-0.5091144360961178,1.3971865841239088,0.3627768569607988,1.0023745182450956,-1.365151375205899
TOMM7,1.296310856246635,-1.1377303692537204,-0.15858048699291352,-1.368607903562764,0.37578441475146646,0.9928234888112956,-1.338665159431076,1.0642777571693571,0.2743874022617182
OLFML2B,1.3137368749661873,-1.1102684457710925,-0.20346842919509417,-0.5786221154474374,-0.8282296957328831,1.4068518111803205,-0.7121110962810056,-0.7020906326469624,1.4142017289279674
NAPEPLD,1.1590027938829797,-1.2813093427703939,0.12230654888741437,-1.1201817620304324,-0.18750166510251848,1.3076834271329505,1.190594003533694,0.0656602124779241,-1.256254216011618
FKBP1B,-1.2836942629974117,0.12794365869408694,1.155750604303326,-1.4001263828019719,0.8725003803609052,0.5276260024410678,-0.2760309107280648,1.3392045338366834,-1.0631736231086186
ALCAM,0.2770737945251654,-1.339545883195065,1.0624720886698997,0.4146677447386272,-1.3782471894449353,0.9635794447063084,1.407987684587842,-0.8187893563035097,-0.589198328284332
SLC8A1,0.30645769416081,-1.348872088715312,1.0424143945545028,-0.18595440020380882,-1.1211338824534076,1.307088282657216,0.32461643419604336,1.029735459948831,-1.3543518941448767
DISC1FP1,-1.1567848473861906,-0.12615467384068973,1.2829395212268802,-0.8476254612695981,-0.5565689848493409,1.4041944461189393,-0.57595663199283,1.4065512767582993,-0.8305946447654683
BBOX1-AS1,-1.0546950543717062,-0.28856530928192603,1.3432603636536327,-1.0943888319718116,-0.22852126217299878,1.322910094144811,-1.392455199958098,0.4822150137084312,0.9102401862496678
FSTL1,1.408616939945158,-0.813160375673183,-0.5954565642719772,-0.2808123109191423,-1.0599514306484974,1.3407637415676388,5.2335984612338974e-05,1.2247187025606223,-1.224771038545234
GSN,-0.8932157781717974,-0.5029310412475104,1.3961468194193065,-1.2263298271994854,0.003176088955668102,1.2231537382438178,-0.20075053388369204,1.3127177999576018,-1.1119672660739106
CTNNA2,-1.05431501467789,-0.2891236252180732,1.3434386398959648,-1.349760214779404,0.30935237663731036,1.0404078381420934,-1.2846363273633,0.1301832890500747,1.154453038313225
SYT6,1.213770495368712,0.02166140009072639,-1.2354318954594385,-1.2240607976641755,1.2254278007798842,-0.001367003115708796,-1.288108886385612,1.149605254299676,0.13850363208593625
PCED1B,1.4012366117781512,-0.5350829067764843,-0.8661537050016671,-1.0146544257222185,-0.3458183182598925,1.360472743982111,-1.3666518180835145,0.9982816298927495,0.3683701881907657
TRIM14,-0.6331508848543855,-0.7785683690222819,1.4117192538766667,-0.8945808859178913,-0.5012841608086077,1.3958650467264988,-1.321497349688897,0.22459094411631444,1.0969064055725826
AHNAK,-1.413093825687998,0.6578193041211826,0.7552745215668153,-1.412736483199911,0.650406453056693,0.762330030143218,-1.0784408158351435,1.3315107934806063,-0.2530699776454644
SMIM32,-1.3954243094916605,0.8966926747968933,0.4987316346947672,-0.7077350998390183,-0.7064782763758045,1.4142133762148226,-1.335694186391208,1.0702657561954037,0.2654284301958044
RIC3,-1.1822564651685326,-0.0809597363047805,1.2632162014733137,-1.3943971942773863,0.49288915427440855,0.9015080400029782,-1.2584381334088584,0.07042563592090575,1.1880124974879533
IRF1,0.9591781376913849,-1.3795796105355287,0.42040147284414325,-0.5659032668668693,-0.8394632272183897,1.4053664940852586,-0.47376887953689134,-0.9170901208639666,1.3908590004008579
RNASET2,0.7062423568849014,-1.4142132102692109,0.7079708533843124,-1.3550948812674803,0.32713568701807694,1.0279591942494042,-1.1027155164091735,-0.21546286449855795,1.3181783809077303
DRAIC,-0.159833168419043,-1.1369811184363692,1.2968142868554127,-0.8736062450069385,-0.5263215301317214,1.3999277751386605,-0.6841145313344279,-0.7298524698109228,1.4139670011453493
DNAH9,1.389812352291973,-0.46837534146229604,-0.921437010829677,-0.4319465099349518,-0.9502457036403237,1.3821922135752756,0.5457620806801208,0.8569896661873628,-1.402751746867484
MYO1E,1.161681750759381,-1.2793189584033917,0.11763720764401188,-0.5415801645663065,-0.8605888082797071,1.402168972846014,-1.3871916536290685,0.9318698016342531,0.4553218519948151
LDB2,1.229027811132511,-1.2204165211713722,-0.008611289961135478,-1.4137994001433518,0.7365382242542983,0.6772611758890533,-0.10263811447699568,1.2728341259513059,-1.1701960114743095
GPR37,-0.8005156922141966,-0.6093861356454391,1.4099018278596367,-0.7246743618612833,-0.6893924905846708,1.4140668524459536,-0.055669378408049135,1.2516302972328923,-1.195960918824843
AKAP7,-0.08657733890598497,-1.1791589872141415,1.265736326120128,0.10968017208629582,-1.2758960613728396,1.1662158892865404,1.172634570383256,0.09829656454890758,-1.2709311349321644
P3H2,1.3902904054324505,-0.9194651559567981,-0.4708252494756553,-0.9039584903922928,-0.48990412642465253,1.3938626168169463,0.1832969073640566,1.1227656778287496,-1.3060625851928078
FNDC5,-0.8839239181025212,-0.5140761574769009,1.3980000755794226,-0.7564415785006691,-0.656596636065147,1.413038214565816,-0.970312820476076,-0.4058372894113033,1.37615010988738
BUB1,-0.448735216220801,-0.9370873110717658,1.3858225272925675,-1.0046014312097744,-0.35972131039471217,1.364322741604487,-1.3383173817847462,1.0649868596848635,0.27333052209988296
LACTB,1.319446566546205,-1.1005129933640634,-0.21893357318214268,-0.7356191495806429,-0.6782058888036394,1.4138250383842825,-1.348370207738618,0.3048298045135471,1.0435404032250735
GALNT17,1.3855985198833944,-0.44767162732409216,-0.9379268925593008,-1.1265435769335197,-0.1771164049509728,1.303659981884492,-0.7813702512214172,1.4115158647049202,-0.6301456134835032
HNF4A,-0.24382039799280525,1.328315483360647,-1.0844950853678414,-0.7071710645268996,-0.7070424958981288,1.4142135604250285,-0.876323124009402,-0.5231101668757451,1.399433290885147
PROC,-0.8160517278134529,-0.5922464405931579,1.4082981684066103,-1.3277816119046966,0.2422902920581824,1.0854913198465137,0.16967822790148257,-1.3007367141754314,1.131058486273948
KIAA1671,1.1658595107129088,-1.2761675940238142,0.11030808331090554,-1.2289163510191368,0.008386024979322764,1.2205303260398146,-1.3251746306083176,0.2348792971491543,1.0902953334591632
TBC1D23,0.7904420564756632,0.6203581250121218,-1.410800181487786,-1.2734314296836455,1.1694251059927578,0.10400632369088766,-1.1252732389461344,1.3044722503804516,-0.17919901143431743
KLRG2,-1.26198906765976,0.07823989130714337,1.1837491763526158,-1.3410044612354013,0.2815545783429194,1.0594498828924812,-1.380924724048381,0.42629351472397137,0.9546312093244098
DNAJC12,-1.0876067064896757,-0.2390336278687329,1.3266403343584092,-1.0860052261295983,-0.24150008713093632,1.3275053132605348,0.8029014475613332,0.6067714487229623,-1.4096728962842953
RGS7,1.287657845257374,-1.1502407660529423,-0.13741707920443225,-0.2459289722325691,-1.0831197586454457,1.3290487308780157,1.3737642071583904,-0.9777066681329128,-0.3960575390254773
SYNM,-1.0018448985698631,-0.3635022723693918,1.3653471709392557,-1.067841077704232,-0.2690654974994498,1.3369065752036817,-1.3604758420718637,1.0146465219333072,0.34582932013855594
PDE1B,-0.7543655143907237,-0.6587706698579553,1.41313618424868,-0.9480723885614474,-0.4347371875563236,1.3828095761177712,-0.9793639851584492,-0.39385331425968223,1.373217299418131
ANXA6,-0.6180343411209501,-0.7925840117629617,1.4106183528839125,-1.4116732425292653,0.632460928796471,0.779212313732795,-0.7342199393657156,-0.6796425371105835,1.4138624764762995
ST6GAL1,-1.414213526621407,0.7073821553599221,0.706831371261487,-1.3286221295899936,1.083920916410534,0.24470121317945878,-1.205948652686599,1.2427132459914105,-0.036764593304811174
COX14,1.2381658457865627,-1.2108675152457133,-0.027298330540848688,-1.4013104079671432,0.8657214191586297,0.5355889888085135,0.4214523332267525,0.9583689741315055,-1.379821307358258
NADK,-0.9040958283304937,-0.4897365887315402,1.3938324170620342,-1.1065307277500829,-0.20942219430894624,1.3159529220590294,-1.4106170415291304,0.7925992511470251,0.6180177903821042
TMEM147,1.1049845928764783,0.21187462273684235,-1.3168592156133188,-1.3636259109022586,1.006456269469745,0.35716964143251295,-1.105658781237877,-0.21080599004625744,1.3164647712841346
CPPED1,1.2885854758479975,-1.1489318204128527,-0.13965365543514544,-0.3681041400264737,-0.9984767907641766,1.3665809307906505,0.1305758118781708,-1.2848011153854888,1.154225303507318
FHL2,0.5048247781754335,-1.3964683132037947,0.8916435350283611,-0.5558851228604651,-0.8482207471697248,1.4041058700301912,-1.1512292806447404,-0.13572448944601942,1.286953770090756
C5orf15,-0.6705941920718866,-0.7430013655087206,1.413595557580608,-0.7862051318451856,-0.6249402219774153,1.4111453538226009,-0.7945492543439229,1.4104471750709544,-0.615897920727031
MIIP,0.666247258920239,-1.4134411487506071,0.7471938898303652,-1.3537005580481642,0.32241960970345646,1.0312809483447076,-0.39296423430584404,1.3729957519728984,-0.9800315176670581
PLPPR1,-0.18504527563577983,-1.1216926167698857,1.3067378924056672,-1.1692017553346667,-0.104402345468633,1.2736041008033,1.366473870993469,-0.9987711965827436,-0.36770267441072524
DDX54,0.3360997379404842,-1.3577043249435947,1.0216045870031103,-1.3333335066211118,0.2584188873135782,1.0749146193075343,-0.7631629756857905,-0.6495279653223872,1.4126909410081772
NR2F1,1.3571751828489695,-1.022908143082601,-0.33426703976636907,-0.1682769784869548,-1.131905154662233,1.300182133149186,1.282418170619498,-1.1574965311659362,-0.12492163945356055
ELF1,-0.5706031168028088,-0.835327310725745,1.4059304275285514,-0.6139422879384869,-0.79634483539054,1.4102871233290297,-1.4132458329713824,0.7519237077786435,0.6613221251927391
CADM2,0.4072532832649823,-1.3764900490471919,0.9692367657822066,-0.7709623350949636,1.412229826372365,-0.6412674912773926,-1.3981347885474953,0.5149089440469455,0.8832258445005505
PPARGC1A,1.4041937431599014,-0.8476301968114599,-0.556563546348439,-0.902675869206339,-0.4914675630284657,1.3941434322348047,-0.9761847989827392,1.3742624896412643,-0.3980776906585242
DNAJC19,0.06746857544494077,1.1896160273940022,-1.257084602838943,-1.364529073620497,1.0040491005066627,0.3604799731138327,0.2200392980083445,1.0998096904065549,-1.3198489884148994
ANXA5,-0.7520560138327842,-0.6611840321785373,1.4132400460113186,-1.1066273435337035,-0.20926874470211843,1.315896088235822,-1.3529147175401761,0.3197833825713899,1.0331313349687858
BAALC-AS1,1.3154411664548968,-0.2080419166255795,-1.1073992498293177,-0.7676710803863939,-0.6447609959927803,1.4124320763791742,-1.1253831417139888,1.3044021534021433,-0.1790190116881555
GRM3,-0.20770102018740028,1.3153145890741025,-1.1076135688867024,-1.4014763859560588,0.8647441523382247,0.5367322336178346,-0.9659851670886856,1.3775061344330273,-0.41152096734434196
MALSU1,0.7521027023126795,0.6611352973696019,-1.4132379996822806,-1.0574997685118053,-0.28443562944814044,1.341935397959946,-1.3096819227429737,1.116955607244349,0.192726315498624
WDR25,-1.051652679334445,-0.2930265051935083,1.3446791845279533,-0.5104020413610175,-0.8869974371764787,1.3973994785374957,0.1914547721510648,-1.3091971230963781,1.117742350945311
REXO2,1.2273141299003767,-1.2221593409608542,-0.00515478893952468,-1.4061181290926295,0.8339172139974752,0.5722009150951548,-1.3732208638628434,0.393867636479785,0.979353227383059
LSR,-1.403691490962636,0.5527228141484075,0.8509686768142277,-1.3257564934205202,1.0892317269528808,0.23652476646763845,0.16218225928535876,1.1355734445435766,-1.297755703828935
RORA,0.32190166027988454,-1.3535465247623037,1.0316448644824168,-0.8400148947579702,-0.5652748636560638,1.405289758414034,0.08285642733466378,1.1812128249605243,-1.2640692522951873
TTC39B,-1.3500822387894973,1.0396758151915881,0.31040642359790915,-1.225766698443127,0.002046218113052451,1.2237204803300754,-1.344536424885833,1.051960655897376,0.29257576898845516
ST8SIA3,-1.3778702706754131,0.41306353859087336,0.9648067320845405,-1.3262098631463615,1.0883995931549857,0.237810269991375,1.2433248821465113,-0.038046618741027424,-1.2052782634054837
PAPLN,-1.0449058916246983,-0.3028523057376435,1.3477581973623411,-0.9552152131363931,-0.4255385180675661,1.3807537312039593,-1.398718075820094,0.5185530416582602,0.8801650341618332
FAM98A,1.368120997484739,-0.9941954728762498,-0.3739255246084883,-1.4119846999627483,0.6372580404749085,0.7747266594878397,-0.9700449530333171,1.3762349045162585,-0.40618995148294157
EMC10,0.7993536796046263,-1.410011077159886,0.6106573975552597,-0.32630869106166194,-1.0285427546599928,1.354851445721655,1.351801287667301,-1.0357269338622843,-0.3160743538050165
APH1B,0.01608845295725527,-1.232709842580052,1.2166213896227969,-0.7676186303418076,-0.6448165783220249,1.4124352086638323,-0.2819572831845895,-1.0591776265013129,1.3411349096859013
C1QBP,1.3313692328926097,-0.2526568034842638,-1.078712429408347,-1.1578819742449944,1.282135128372896,-0.12425315412790235,-1.3805250983901869,0.95599331432415,0.4245317840660362
NCBP2AS2,-1.4138998725840128,0.7327445622862742,0.6811553102977386,-1.321072376540882,1.097658404538923,0.22341397200195762,-1.3424320574354824,0.28597957097113397,1.056452486464348
PPARGC1B,-1.3103168785134949,1.115921131335857,0.1943957471776366,-1.2614202612740255,1.1844376749541858,0.07698258631983962,-1.3358876886847948,0.26600720454042853,1.0698804841443665
CTBS,0.18583332858574642,-1.3070416498236284,1.121208321237882,0.213033990794973,-1.3172863330809599,1.104252342285986,-0.706913270902849,-0.7073002738195343,1.414213544722383
SATB1,1.1407928132873515,-1.2942360421044232,0.15344322881707065,-0.3948735625789211,-0.9785972965255377,1.3734708591044589,0.7758780576444142,0.636028709805066,-1.411906767449478
STK24,-0.856621541108499,-0.5461889223557475,1.402810463464244,-0.8370831207279793,-0.5686103462563799,1.405693466984359,-1.2690989835832667,0.09414147242021448,1.174957511163052
FAM207A,1.2295492956796115,-0.00966606492238608,-1.219883230757226,-1.3984759803127416,0.8814430926267395,0.5170328876860024,1.186308358933895,-1.2598657798930064,0.07355742095910907
ZNF280D,0.17393371745771252,-1.3024134007242272,1.1284796832665152,-0.12237759346671458,-1.1589619289816964,1.2813395224484105,-1.3716339022767596,0.38754638840418754,0.984087513872572
OTUD4,-0.2905853549066182,-1.0533190668723282,1.3439044217789458,-1.2065584651360353,-0.03559673556384955,1.2421552006998855,-1.1892026573715813,-0.0682318175699445,1.2574344749415263
ANKK1,-1.2771201497095845,1.1646048375930276,0.11251531211655708,-0.7391234705698319,-0.6745993497204603,1.4137228202902925,-1.1810625843429852,1.2641917251039916,-0.08312914076100625
ONECUT2,-1.2563898629910466,0.06595531698049815,1.1904345460105485,-1.3089555081337687,0.19082205390274368,1.1181334542310255,-1.3966464209761877,0.5058808007110311,0.8907656202651577
ANGEL2,0.5993159989868012,0.8096729925999608,-1.4089889915867606,-0.8271536855417307,-0.5798327330693566,1.4069864186110868,0.8037748701962225,0.6058126534851856,-1.409587523681408
LIN28A,-1.2835695743251303,0.12764778120004994,1.1559217931250834,-1.3436626248128634,1.0538366304463178,0.2898259943665455,-0.7034630519681971,1.4142073143607998,-0.7107442623926017
ISOC2,-0.3472052274078889,-1.0136574241754917,1.3608626515833782,-1.3687845186043688,0.9923235929169275,0.37646092568744166,-0.40794070698318124,-0.9687138685773969,1.3766545755605781
SMIM26,0.394310992301092,-1.3733311339754817,0.9790201416743914,-1.4116690447328326,0.6323982839869964,0.7792707607458357,-1.2257734121885455,0.002059679450282786,1.2237137327382628
DDOST,0.9325219988787944,-1.3870226630664855,0.45450066418769103,-1.295189160821681,0.15579809987491666,1.1393910609467648,0.24897197078681232,1.0811299228965843,-1.3301018936833964
CLK3,-1.1933480011780628,-0.060547736013799314,1.253895737191863,-0.7480220206306978,-0.6653865519719007,1.413408572602598,-1.4061598865386176,0.8336011297383185,0.572558756800297
MYO5B,0.020932069549116677,1.2141446733071157,-1.2350767428562277,-0.8584088931484422,-0.5441149404323,1.402523833580742,-1.3632582085212792,0.3558296372958918,1.0074285712253879
PTCHD1-AS,1.4071038675265202,-0.8262060388471595,-0.5808978286793602,-0.593167860159461,-0.8152226705731813,1.4083905307326432,0.44151144681628474,-1.3842851522356403,0.9427737054193551
CRACR2A,0.48652071411022496,-1.3932487031074792,0.9067279889972537,-0.7433865532258408,-0.6701955487241471,1.4135821019499872,-0.1527239574559582,1.2939442324645587,-1.1412202750085958
UTP14A,0.5837609660636748,0.823654075319137,-1.407415041382812,-1.3514621987058937,1.0365114260086192,0.3149507726972747,-0.15399166836059017,-1.1404666599264612,1.2944583282870497
RAB6B,-0.3519428891958244,-1.0102419224058388,1.3621848116016604,-0.7803027074070009,-0.6312916273825596,1.4115943347895614,-1.0589320983310506,-0.28232031949506536,1.3412524178261163
GUCY1A1,1.3319907743123818,-1.0775174799531955,-0.2544732943591862,-0.670363185677729,-0.7432245919848356,1.413587777662562,-1.3405428107667925,0.2801320336505505,1.060410777116243
FBL,1.3728930375588217,-0.980340259044295,-0.3925527785145273,-1.413793742599434,0.7367371132560869,0.6770566293433457,-1.3617089280222217,0.3502314210930016,1.0114775069292192
HLA-E,1.0764888519985363,-1.3325232269515246,0.2560343749529903,-0.9554697056263378,-0.42520934879772815,1.3806790544240655,-1.018362508758632,-0.3406442280381728,1.3590067367968057
LAP3,0.8002573982737782,-1.4099262394295276,0.6096688411557494,-1.2562528798129875,0.06565730611230744,1.19059557370068,-1.2754838453099415,0.10872800954396135,1.166755835765981
MRPS24,1.299289457483526,-0.16602795974577675,-1.1332614977377546,-1.4130053786299153,0.7571174102190293,0.6558879684108863,-0.6687815458806988,-0.7447516796195859,1.4135332255002813
LTA4H,0.6331447974249037,-1.4117188497044348,0.7785740522795276,-1.4142122448291436,0.7087779272734315,0.7054343175557116,-1.0315128966188347,-0.32208951490921983,1.3536024115280545
CD74,-1.296246217790135,0.1584198240903027,1.137826393699833,-0.9736383854369859,-0.4014494720461402,1.3750878574831262,-1.0655771599813064,-0.2724498859898475,1.338027045971154
VRK2,-0.9420851397581896,-0.44238870399162966,1.3844738437498192,-1.323064265278818,1.0941124286038302,0.2289518366749877,-0.9831467175236971,1.371952197027958,-0.38880547950426153
CNKSR3,0.8562660189979711,0.5466009944898076,-1.4028670134877785,-1.2750622224799728,1.1673067681017604,0.10775545437821284,-1.2038305296181404,1.244639188410394,-0.0408086587922536
ETV3,-0.26306874906766675,-1.0718342825899851,1.33490303165765,-0.8865010447078644,-0.5109962608729748,1.3974973055808384,-1.2839452984597048,1.1554055590850878,0.1285397393746189
SLC44A1,1.2712436700833802,-1.172235894170505,-0.0990077759128751,-1.4127989899668663,0.7611649992854298,0.6516339906814365,1.4140933930458834,-0.6910808953220992,-0.723012497723785
CCND3,1.1559683271987315,0.1275673369199276,-1.2835356641186577,-0.8721034181358696,-0.5280938821457576,1.4001973002816266,-0.999810282010462,-0.3662845322128352,1.3660948142232971
ACTN2,-0.825152945950535,-0.582080232547731,1.4072331784982663,-1.4009875159762797,0.8676029589884438,0.5333845569878355,-0.6670330705466141,-0.7464372424865876,1.413470313033201
VANGL2,1.3214250581171956,-1.0970344994370957,-0.22439055868009986,0.11683687888481424,-1.2789764502716106,1.1621395713867961,0.9324539118119812,-1.3870403337192694,0.45458642190728876
LINC02381,1.2648143620740424,-1.180297199305674,-0.08451716276837543,-1.2417967708582314,0.03484754726355881,1.2069492235946726,-0.7974276108988868,-0.6127613074584664,1.4101889183573542
TBC1D1,-0.1282143586417798,1.283808293806956,-1.1555939351651818,-0.6517694534440948,-0.7610363535169411,1.4128058069610359,0.21342732491017452,1.1040037210561369,-1.3174310459663114
PNPO,0.23048525713708018,-1.3236123607622257,1.0931271036251464,-0.6479119309124041,-0.7646934718449062,1.4126054027573105,1.4141202206657757,-0.7211313976986752,-0.6929888229671045
IGSF11,1.3220382341958066,-0.2260924790388793,-1.0959457551569274,-1.3843714010852286,0.9424592866299021,0.44191211445532624,0.0636236644124739,1.1916929785710018,-1.2553166429834757
VAT1,-0.9148753066208811,-0.4765068739509548,1.391382180571836,-1.3913065623617173,0.4761093513014035,0.9151972110603146,1.2094595955419336,0.030018668208792593,-1.2394782637507256
SEPTIN9,0.11006490111755006,-1.276062461720044,1.1659975606024933,-1.122149217106456,-0.18430170641158708,1.3064509235180422,-0.8300276709525676,-0.5765962436827534,1.406623914635321
CPT1C,-1.1921215408413572,-0.06282819890307799,1.2549497397444345,-1.2003870813091433,-0.04734266780761802,1.2477297491167603,-1.032885394775834,1.3530195443924686,-0.3201341496166341
NPSR1-AS1,0.47273024502330735,0.9179288550261976,-1.3906591000495045,-0.788505989574957,-0.6224543024732981,1.4109602920482553,-0.0071622703868453735,1.2283102997078381,-1.2211480293209935
ASS1,-1.3093518648548212,0.1918603422611955,1.1174915225936255,-1.2596819182157721,0.07315334590801102,1.1865285723077617,1.129516862544126,-1.3017412960127268,0.17222443346860128
SALL1,1.2452242034471497,-1.2031829521475852,-0.042041251299564174,0.07978612005475669,-1.262687250103924,1.1829011300491676,0.9152224804565102,-1.3913006202954568,0.47607813983894504
EPHA4,1.3395979779727685,-1.0623648344931629,-0.27723314347960665,0.857405638254301,-1.4026852001881747,0.5452795619338724,0.2446121339928866,1.083979006246023,-1.3285911402389112
BEX4,1.3979998737398733,-0.883924961589311,-0.5140749121505869,-1.3232117499093092,0.22936404602499333,1.093847703884315,-0.1840776753129387,-1.1222867188103856,1.306364394123325
ETS2,-1.1961311904911587,-0.05535052894378558,1.2514817194349452,-1.0922913501446667,-0.23178408062502753,1.3240754307696945,-1.3876468909625723,0.9301009930845874,0.45754589787798466
RABAC1,-1.2005239277103152,-0.04708394386825543,1.24760787157857,-1.4078843332144586,0.8196844588644692,0.5881998743499884,-1.143772297783872,-0.148418438152081,1.2921907359359521
ARMCX6,1.144814156354254,-1.2914692525112894,0.1466550961570359,1.0781163776932126,-1.3316796666733486,0.25356328898013675,-0.12081791648825813,-1.1598583375937859,1.2806762540820438
ANK2,-1.3646250396200308,1.003791719652745,0.3608333199672861,-1.4123489005804444,0.769046839078204,0.6433020615022407,-0.7243623501062334,1.4140720388367278,-0.6897096887304938
THG1L,1.170191395921503,0.1026463123043359,-1.2728377082258389,-1.1829081543127626,-0.07977332383770877,1.2626814781504707,-0.7386564830070573,1.413737141352498,-0.67508065834544
TSPYL2,1.2979940256647886,-0.16277830483784836,-1.1352157208269418,-1.3862367953364074,0.45071241498298725,0.9355243803534202,1.0738859798535725,0.2599739923903487,-1.3338599722439213
CTSL,-1.4133147163902853,0.6629980599188371,0.750316656471456,-1.320221146184033,1.099157374556722,0.2210637716273109,-0.46687533611876264,1.3895174946254338,-0.9226421585066712
NFE2L3,-0.4552495545652843,-0.9319272406540621,1.3871767952193463,-0.6943545007029671,-0.7197828569229874,1.4141373576259542,0.6206297504623254,0.7901913876455209,-1.410821138107846
DDX27,1.4072697260775904,-0.8248534199891553,-0.5824163060884352,-1.4034406791816347,0.8526033903740097,0.5508372888076266,-1.3657434594431852,1.0007688864265878,0.3649745730165992
CLPB,-0.1896046046272447,-1.1188852894611758,1.3084898940884209,-1.330797485553115,0.2509912870833343,1.0798061984697802,-1.4141730799984213,0.6978196712813381,0.7163534087170826
KANK1,0.8019970730002205,-1.409760411857377,0.6077633388571558,-0.2080725189486424,-1.1073800067792625,1.315452525727906,-0.5253980911098205,-0.87438830130707,1.3997863924168903
DMAC1,1.3523886931775484,-1.0343613703697767,-0.3180273228077743,-1.2907543002205448,1.1458419364305776,0.14491236378996675,1.4111256873771991,-0.6246726661750691,-0.7864530212021293
DICER1,1.3374375642856935,-0.270666560407855,-1.066771003877839,-0.5367974305528656,-0.8646883903398486,1.4014858208927135,-1.0346690199168496,-0.3175876507357504,1.3522566706525996
UNC93B1,0.573467020073633,-1.4062654134079984,0.832798393334364,-1.0982955239986456,-0.22241571981756936,1.3207112438162145,-1.131265261636261,-0.16933619903881117,1.3006014606750713
ISG20,-0.8686971856547474,-0.5321005262299316,1.4007977118846786,0.04140547705973216,-1.244922567585127,1.2035170905253947,-0.6925442715282598,-0.7215699986265501,1.4141142701548106
FBXO7,0.05060718658540786,-1.2492640438381586,1.1986568572527507,-0.9729400544094676,-0.4023723310873749,1.3753123854968423,-0.23105273460939543,-1.0927620814409393,1.3238148160503367
MAPK3,0.11704499241097288,-1.279065552518387,1.1620205601074143,-0.7410149579660651,-0.6726476504454304,1.4136626084114954,-1.1147793141011144,1.3110144381181565,-0.1962351240170412
SEMA3A,0.8944571637045505,0.5014335217036798,-1.3958906854082296,-1.4127008289103138,0.6497175971396798,0.7629832317706289,-1.3989726422703577,0.878809101713443,0.5201635405569152
GCNT1,-1.2338087694840219,0.018333636828079543,1.215475132655942,-1.2688936460946452,0.09367729156882035,1.175216354525824,-1.4142095016007357,0.7041697573334411,0.7100397442672919
PYGL,-1.2845084268320484,1.1546296383225008,0.12987878850954832,-1.4016791803914384,0.8635405626663509,0.5381386177250869,-1.0039596749287913,1.364562429647693,-0.3606027547189016
RFTN1,-1.2362482548249178,1.2129078606565338,0.02334039416838391,-0.871487613611551,-0.5288193090613175,1.4003069226728673,-0.236137225368462,1.325619608748771,-1.0894823833803093
TMEM62,0.004677183101075302,-1.2270767647813232,1.2223995816802458,-0.15278058791329124,-1.141186631320625,1.293967219233916,0.11782263440302532,-1.279398256958242,1.1615756225552185
TWISTNB,1.388292199309032,-0.4607289259005909,-0.927563273408439,-1.3436667735677668,1.0538277600506776,0.2898390135170889,0.2311916727910272,-1.3238643528371468,1.0926726800461193
RAB8B,1.3263422492519545,-1.0881560401076322,-0.23818620914432312,-0.3632310684193402,-1.002042944069098,1.3652740124884377,-0.8859594994764739,1.397603667291923,-0.5116441678154486
C12orf43,-0.16347444623162674,-1.134797642423168,1.2982720886547943,-1.0521587555939935,-0.29228573923217743,1.3444444948261713,-0.6128453476293676,-0.7973505977029689,1.410195945332335
CPXM1,1.051573824050804,0.2931418818439896,-1.3447157058947938,-0.9640877137728562,-0.41400366423852314,1.3780913780113797,-0.7859538893368808,-0.6252113301006084,1.4111652194374897
AR,1.4026813719274522,-0.5452518438391536,-0.8574295280882992,-0.4945092480986085,-0.9001753096105732,1.3946845577091822,-0.9635159960677788,1.3782666114845001,-0.4147506154167217
WDR49,-0.8111754631540848,-0.5976548990874274,1.408830362241513,0.8102033935490737,-1.4089332791683036,0.5987298856192299,0.7060130665318409,0.7081999322320657,-1.4142129987639076
SLC25A46,1.4090547325537273,-0.8090432526336966,-0.6000114799200363,-0.2969365339167862,-1.0489754774902187,1.345912011407006,-0.6258330112518138,-0.7853775267354708,1.4112105379872848
CLYBL,0.18518565548448038,-1.3067920308189376,1.1216063753344578,-1.2437888134559325,1.204768355915449,0.039020457540483805,-0.1415164944801957,1.2893557244008411,-1.1478392299206446
SYDE1,-0.14032369604158332,-1.1485390772463233,1.2888627732879065,-0.7737025628310514,-0.6383502881314078,1.41205285096246,-0.8187070519560183,-0.5892900902876305,1.4079971422436488
MSC-AS1,-0.6818034727288909,-0.7321117856524569,1.4139152583813486,-1.158231063329672,-0.12364730383065596,1.2818783671603273,-0.7944780616643508,-0.6159753873195506,1.4104534489839022
SNX8,1.4059492085218201,-0.8351869988865624,-0.5707622096352595,-1.4007427379708663,0.8690125161483129,0.5317302218225508,1.194372008316609,0.05863914732059042,-1.2530111556371972
SIX4,0.8544839016937075,0.5486642671422146,-1.40314816883592,-1.3327504368546772,0.2567019281120541,1.0760485087426224,-0.5625557224220115,1.4049541021174718,-0.8423983796954604
ID1,0.09166132732947088,-1.2680003126104764,1.1763389852810002,-0.43369022515689054,-0.9488883867482767,1.3825786119051668,-1.2403100782834076,0.03174771229961468,1.208562365983795
MXD4,1.1623683974238987,-1.278804999364172,0.11643660194027444,0.3963729392848215,-1.373842188699666,0.9774692494148466,0.12668175506336213,1.1564803387539473,-1.2831620938173092
ADA,0.29475188617562037,-1.3452244285804176,1.0504725424047994,-0.9222386227131059,-0.46737783030957825,1.3896164530226838,-1.413829244862216,0.7354654504270062,0.6783637944352109
COX5B,-1.3543803877444753,0.3247127847098175,1.0296676030346492,-1.185871265475068,1.260230175117749,-0.07435890964268108,-1.3858096197864518,0.44867382643597187,0.9371357933504799
ARL4C,1.124825814756019,0.1799314634121577,-1.3047572781681722,-1.368654083272843,0.9926928961914134,0.37596118708142967,-0.878254317915354,-0.5208218057260073,1.3990761236413614
NADK2,0.8751054383648432,-1.399656068001147,0.5245506296363046,-0.502033710691617,-0.893959832188441,1.3959935428800594,-1.3929110890752132,0.48467966430457066,0.908231424770643
MPG,-1.0729151613336994,-0.26143952575428064,1.334354687087979,-1.2498059309526035,0.0517634962222889,1.1980424347303151,-0.99191946629079,-0.37700752242324576,1.3689269887140363
CFAP36,1.4082321194688698,-0.5915917367097481,-0.8166403827591181,-1.098496338644407,-0.22210087325749822,1.3205972119019065,-1.3083871597083838,1.119050848521329,0.1893363111870547
PRELID2,1.080472752495932,-1.330447723506026,0.24997497101009414,-0.23186757071820577,-1.0922375899999257,1.3241051607181324,1.4115003471223249,-0.6299209077387407,-0.7815794393835838
UQCR11,0.7521490444979615,-1.4132359663576615,0.6610869218596979,-1.171385930091553,1.2719081296171086,-0.10052219952555462,0.6711761447193187,0.7424387997867551,-1.4136149445060753
FAM117A,0.04183088780274058,-1.2451244263137808,1.2032935385110368,-1.2890169191300047,1.1483204648283176,0.14069645430168737,1.0909214099258788,0.23390946255952857,-1.324830872485407
FUCA2,-1.000348583973644,-0.3655491239529596,1.3658977079266035,-1.4087506814823536,0.8119213219178464,0.5968293595645086,-0.6199755431630346,1.4107705586970203,-0.7907950155339858
CTU1,1.2537760762117973,-0.06028927086472975,-1.1934868053470675,-0.6015671898514842,-0.8076331529947504,1.4092003428462352,-0.6678517594555257,-0.7456483514134384,1.4135001108689662
TP53I3,-0.4879668397504834,-0.9055452976772806,1.3935121374277624,-1.0235163441074813,-0.33341087613049286,1.3569272202379732,-0.7063534417265099,1.4142132949363808,-0.7078598532098707
TTC23,0.6900992910218375,-1.4140782823576439,0.7239789913358073,-0.5107397377452718,-0.8867153688464762,1.3974551065917462,0.7109644576154599,0.7032420766682828,-1.414206534283743
AMD1,1.4032706197304798,-0.5495706004454547,-0.853700019285028,-1.3431798382111837,1.0548665054857589,0.2883133327254234,-1.404481442994054,0.8456767951117387,0.5588046478823157
TSPAN14,0.4120968611754353,-1.3776422735030058,0.965545412327573,0.3744427876293085,-1.3682567231313914,0.9938139355020835,-0.14272216721763994,-1.1471309300041237,1.2898530972217628
TOM1L1,-1.3619271020798303,0.351015181646569,1.01091192043326,-1.2170034329483983,-0.015338794509064838,1.2323422274574631,0.6709644448005884,0.74264348240415,-1.413607927204738
MCL1,-1.2548979875002264,0.06271606507859416,1.1921819224216323,-1.3013480120914107,0.17122639308960608,1.1301216190018033,0.4746173848284505,0.9164043366852781,-1.3910217215137288
S100A16,1.3160152316961722,-0.20959047471970224,-1.1064247569764698,-1.2927474128749366,1.1429651832862648,0.14978222958867266,1.403145038374565,-0.854503879488663,-0.5486411588859025
TIMM13,-0.6355756203741109,-0.7763020961230009,1.4118777164971117,-1.1129794275536369,1.3121070742058814,-0.19912764665224358,-0.699153357928924,1.4141838537348244,-0.7150304958059001
PRKY,1.1611017862675157,-1.2797518524042586,0.1186500661367431,0.7304773564224826,-1.413953188369042,0.6834758319465597,1.2062764088494184,-1.242413512167792,0.0361371033183736
AKAP17A,0.0702023205009901,-1.2583361031977636,1.1881337826967735,-1.1104617386947513,-0.2031595612167715,1.3136212999115227,1.0281494436675538,0.3268661447642109,-1.3550155884317647
PWP1,0.801302950370373,0.6085240230785209,-1.4098269734488933,-1.38025821657548,0.9568976253243404,0.4233605912511384,-1.4128860928916167,0.6533896169139114,0.7594964759777059
JMY,0.33329891589417904,1.0235958421897464,-1.3568947580839232,-0.9362063607818265,-0.4498501068322092,1.3860564676140357,-1.404976272013281,0.5627338648384677,0.8422424071748135
SYF2,0.24061850413287103,1.0865780879954459,-1.327196592128318,-1.396250567410105,0.5035404313777988,0.8927101360323071,0.23792059958798967,-1.3262487248270391,1.0883281252390495
PRKAG2,1.4138395201654816,-0.7350863788659759,-0.6787531412995057,-0.4046057147755726,-0.971247593883147,1.3758533086587192,-0.6508528897186505,-0.7619064788391441,1.4127593685577946
AFP,0.12341123461621382,1.1583670241267694,-1.2817782587429831,-1.3449069879296425,0.2937466213528852,1.0511603665767568,-1.0619451326726304,1.3398015973401993,-0.277856464667569
TMEM219,0.29077431115013486,-1.3439645310420714,1.0531902198919387,-1.2885178264271517,0.1394902947015036,1.1490275317256484,-1.335411829996958,0.26458504822508544,1.070826781771872
FIBP,1.385921728051725,-0.44920745833562614,-0.9367142697161,-1.3078321776955648,1.1199431762987773,0.18788900139678916,-0.7991900735872737,-0.6108362670116629,1.4100263405989355
ATXN1,1.390759877578047,-0.9175065292488819,-0.47325334832916544,0.5576974244189761,-1.404339799289848,0.8466423748708718,1.3090852220336866,-1.1179235677789443,-0.19116165425474282
DSG2,-1.413431211889358,0.6659828556970472,0.7474483561923104,-1.4066325564932063,0.576672532802779,0.8299600236904274,-0.9390062925171831,1.385309013765374,-0.44630272124819115
CCDC117,0.06620740973332974,-1.256505696925,1.1902982871916699,-1.317105716390192,0.21254344249940874,1.104562273890784,-0.49885399282501175,1.3954455479123964,-0.8965915550873848
SHTN1,-0.5298974663902649,-0.8705716348894228,1.4004691012796873,-0.5118794902271303,-0.8857627295327895,1.3976422197599199,-1.1322421954461865,-0.1677186042135082,1.2999607996596942
EHD4,-0.4001136325809849,-0.9746481725331436,1.3747618051141268,-1.4076274571170657,0.5857514294211351,0.8218760276959295,-1.2343212400355315,0.019382812385315983,1.2149384276502178
BNC2-AS1,1.031264020847552,0.3224436958695156,-1.3537077167170715,-1.2637223641081399,0.08208455483197698,1.181637809276163,-1.3902783783871797,0.47076333723568803,0.9195150411514929
PHB,-0.21267931537498627,-1.1044764437947767,1.3171557591697616,-1.3125120167608302,1.112308806194236,0.20020321056659454,-0.8112149540507259,-0.59761120488968,1.4088261589404079
HAX1,-1.3231058426020461,1.0940378308114547,0.22906801179059608,-1.3975344854517866,0.511222524112552,0.8863119613392347,-0.23733886021703746,1.326043729600254,-1.0887048693832164
SHISA5,-1.3539639209974232,0.3233065790004185,1.0306573419970042,-1.2522470549473768,0.05699438129356582,1.1952526736538118,-0.4138991656506654,1.3780668316545275,-0.9641676660038623
IL17RA,1.2977023185456846,-1.1356535004040926,-0.16204881814159197,-0.09576155856134812,-1.1740530540042657,1.269814612565613,-0.7118614002010826,-0.7023414814188506,1.414202881619935
TAFA5,-0.178186444405493,-1.125891219373604,1.304077663779097,-0.6793482757679182,-0.7345066849565755,1.4138549607244935,1.2421714836586315,-0.03563078720942125,-1.2065406964492125
CAPNS1,-1.100055182076273,-0.21965347751582187,1.3197086595920875,-1.3912951120072026,0.47604921020234003,0.9152459018048613,1.3683814272233796,-0.3749186614915866,-0.993462765731793
UCP2,1.3869225673386674,-0.932907194377873,-0.4540153729607894,-1.3724210228462916,0.39066795604887583,0.9817530667974164,-0.5846640482237183,-0.8228477654449592,1.407511813668678
FZD4-DT,0.49362424254845466,0.900903579749489,-1.394527822297935,-0.638857885441314,-0.7732262872842562,1.4120841727255702,-0.02715671649509484,1.2380974003869105,-1.210940683891816
TMEM101,-1.0214517585704588,-0.3363143964307409,1.3577661550012003,-0.8413090721590998,-0.5637992636627722,1.4051083358218721,0.9722365440178552,0.4033012447868095,-1.375537788804665
STAT6,-0.5806204151051522,-0.8264529500472524,1.4070733651524054,-0.861876488040635,-0.540080133520528,1.4019566215611632,1.0633193925792037,0.2758140816275166,-1.339133474206721
NANS,1.222349723653896,-1.2271260488640645,0.0047763252101663215,-1.3908662622221721,0.9170595746125185,0.4738066876096534,-1.3971703517015999,0.8881537814914007,0.5090165702101971
EIF2AK2,0.9066784899553547,0.4865812766033809,-1.3932597665587356,-1.0451041108187946,-0.3025649351817804,1.3476690460005754,-1.365605675158554,1.0011436219300447,0.36446205322851033
G6PC3,0.6883052561633923,-1.4140483733547509,0.7257431171913585,-1.4135638126012395,0.7439034738616029,0.6696603387396385,-1.1464672763122623,-0.14385044914385486,1.2903177254561196
MED15,1.1671441633219695,-1.2751867695599577,0.1080426062379937,-0.40390667461975144,-0.9717777002997686,1.375684374919519,-0.7851887887736887,-0.6260365125112737,1.4112253012849612
PPFIBP1,1.4102844146885256,-0.6139095253438774,-0.7963748893446465,-0.5964512375825598,-0.8122627606570029,1.4087139982395636,1.408375157461277,-0.5930140122481274,-0.8153611452131507
CCDC169,-1.2957983104565054,0.1573076204831552,1.1384906899733496,-1.3195317868256342,1.1003642339312096,0.21916755289442574,-1.3736568956553512,0.3956239668115387,0.9780329288438125
RUVBL1,0.3889929960451342,-1.3719995072632545,0.9830065112181187,-1.3722913318437384,0.9821395432401411,0.3901517886035979,0.6424994167878718,0.7698029367934692,-1.4123023535813406
AIMP1,-0.9329598256810906,-0.4539490484317669,1.3869088741128608,-1.3020509588521791,0.1730113840124817,1.129039574839698,-0.8400442478807683,1.4052856654366814,-0.5652414175559136
HMG20B,-0.07958821767625346,-1.1830097538910265,1.26259797156728,-1.0356778482057483,-0.31614461653323045,1.3518224647389787,-1.0123419486484868,-0.349032413329792,1.361374361978279
COX7A2L,-0.0030361381015516545,-1.2232239798717996,1.2262601179733537,-1.0281862266112898,-0.32681402339562454,1.355000250006915,-0.2119767851041187,-1.1049201018985721,1.3168968870026883
PRDX6,0.07697719778347416,-1.261417821400567,1.1844406236170946,-1.4003020794398988,0.8715148770288215,0.5287872024110772,-0.23018402714724695,1.3235048094487358,-1.0933207823014897
ZDHHC9,-0.08068715952085972,1.2630934260970978,-1.182406266576235,-1.180254422352153,-0.08459467515090442,1.2648490975030575,-1.1307310745613122,-0.17021955485081505,1.3009506294121274
FAM162A,1.411856815877845,-0.7766054805611827,-0.6352513353166656,-1.2528041795595588,1.1946109120965183,0.05819326746304019,0.6500441140740725,0.7626736666459436,-1.4127177807200155
DNAH7,-0.7000022325486502,-0.7141876150229843,1.414189847571636,1.3725068378875773,-0.3910099008712039,-0.9814969370163794,-1.410727229812754,0.619418793662602,0.7913084361501527
DPP4,-0.9038539355761799,1.393885590742192,-0.4900316551660122,-1.2889946045150833,0.14064247976573185,1.148352124749351,-1.3886881225953958,0.462699994631063,0.9259881279643327
GTPBP1,0.849187179380673,-1.4039611666406981,0.5547739872600251,-1.3244531680418286,0.23284580400395452,1.091607364037874,-0.6567955208304517,1.4130473503117926,-0.7562518294813427
FHIT,-0.541684941044139,1.4021837402035524,-0.8604987991594086,-1.3922573528024549,0.48115286921440387,0.9111044835880504,0.9019257983454022,0.49238082965007324,-1.394306627995476
HYDIN,1.3426322890588223,-0.28660339157923664,-1.0560288974795842,-1.4101279577624033,0.6120351819814002,0.798092775781004,-1.376398453276565,0.9695272795647718,0.40687117371179404
UBFD1,1.1421351645976667,-1.2933178501022418,0.15118268550457614,-1.3992253057221313,0.8774508036333528,0.5217745020887781,-0.942081201124653,-0.4423937199367709,1.3844749210614242
ACSS3,-0.5777376067751496,-0.829015109766332,1.4067527165414817,-0.366794680705844,-0.9994366491208428,1.3662313298266875,-1.4111731625864328,0.6253199699479467,0.7858531926384876
CNFN,-0.9427922470645265,1.3842800614763295,-0.4414878144118019,-1.3289129954413574,1.0833749717825287,0.24553802365882774,-0.8846552403751378,-0.5132030330400527,1.3978582734151908
RFK,1.185342807085816,-1.2606697735015768,0.07532696641576077,-1.15858404515961,-0.12303429596891242,1.2816183411285234,-1.1461431580671764,-0.1444009959906074,1.2905441540577836
TXNIP,0.7501793950299654,-1.4133204794003769,0.6631410843704103,-0.2652019697950546,-1.0704164449066367,1.3356184147016916,-0.8029891202672841,1.409664364556132,-0.6066752442888456
NQO2,0.374549279451026,-1.3682846430476883,0.9937353635966557,-1.2275889474519457,1.2218808426493089,0.005708104802636408,-1.0161197889111617,1.3598963992717057,-0.3437766103605445
SEMA5A,-0.5268317083574862,-0.8731738973595377,1.400005605717023,-0.04735546370478961,-1.2003803121320313,1.2477357758368202,0.9243729811535579,0.46471746549686127,-1.389090446650418
ALX1,-1.3968851073761794,0.8895812404916243,0.5073038668845543,-1.3200831880914434,0.22068378725409557,1.0993994008373478,-1.02920747308228,1.3545733687384542,-0.32536589565617324
NRN1,-0.27959647444139035,-1.0607721932872196,1.3403686677286093,-1.123833872160533,-0.18155335306281584,1.3053872252233478,0.9835043965952888,-1.3718313574693082,0.3883269608740194
MVB12A,-0.2666683143725098,-1.0694401390066324,1.3361084533791407,-1.175145424673587,-0.09380451295882093,1.2689499376324083,-0.7317985366396628,1.4139227300462545,-0.6821241934065925
